15 15
-3.823207 -4.613014 -4.232045 -3.321890 -4.983756 -2.532161 -3.209839 -4.214695 -6.062380 -4.564886 -3.333906 -3.877223 -5.566906 -3.667723 -3.720186 
-2.620014 -3.313649 -2.900111 -2.742956 -3.568081 -2.010022 -2.634264 -3.014119 -4.489045 -4.015639 -3.045612 -3.016545 -4.020568 -2.990369 -2.961152 
-2.314985 -2.196409 -3.563270 -1.897026 -3.457291 -2.075868 -2.597025 -2.644431 -3.408635 -3.034076 -2.612100 -2.758944 -3.319673 -2.086012 -2.330167 
-3.576040 -3.739259 -3.980797 -3.092326 -3.597279 -2.841519 -3.849179 -3.548758 -5.042823 -3.724675 -3.300311 -3.256263 -4.137308 -2.607871 -3.570820 
-3.157257 -4.344333 -3.448853 -3.363255 -4.010695 -2.438081 -3.852550 -4.197244 -4.973655 -3.915966 -3.264706 -3.425667 -4.386201 -3.213223 -3.486667 
-3.525009 -3.452366 -3.564659 -2.900092 -3.572867 -3.051015 -2.577776 -2.793113 -4.944174 -4.023066 -3.547313 -2.936283 -3.794893 -3.375551 -3.241378 
-3.051397 -2.901018 -3.945038 -2.901563 -3.133047 -2.804615 -3.262338 -2.987182 -5.064850 -3.352931 -2.561756 -3.266945 -4.254583 -3.187871 -2.784010 
-3.145646 -3.427195 -3.234573 -2.619614 -3.972619 -1.876548 -2.616557 -2.932378 -4.195178 -3.394852 -2.251633 -2.710455 -3.482183 -2.372517 -3.477723 
-2.932714 -3.214513 -2.776271 -1.710806 -2.503148 -1.813455 -2.394484 -2.447484 -3.044016 -2.465830 -2.258899 -2.152856 -3.019668 -3.055223 -2.936458 
-3.556574 -2.898372 -3.738888 -2.975638 -3.893629 -2.748920 -2.870757 -3.661698 -4.461061 -3.488686 -2.620125 -3.281615 -4.204279 -2.671225 -2.257568 
-4.564469 -4.410887 -4.316083 -3.971770 -3.627972 -3.403205 -3.868649 -3.971316 -5.267372 -4.249173 -4.193570 -4.824724 -4.253350 -3.803026 -3.678698 
-3.574740 -4.101912 -4.826980 -3.071405 -3.772218 -3.246258 -3.880498 -4.244820 -4.799895 -4.234086 -3.414626 -3.953816 -4.835071 -4.478001 -3.443241 
-2.766082 -4.088954 -4.258209 -2.958832 -2.935129 -2.679572 -4.388803 -2.930146 -4.922772 -3.180422 -2.767861 -4.175483 -3.922155 -3.846988 -4.007969 
-2.813324 -2.488458 -3.341465 -3.146286 -3.071479 -2.508905 -2.709545 -3.181185 -4.360792 -3.081036 -3.605736 -3.778011 -3.479667 -2.920267 -2.248878 
-3.400803 -4.683218 -3.390767 -2.604807 -2.961581 -2.945396 -3.532239 -2.039879 -4.262444 -3.850898 -3.044553 -3.151029 -3.233783 -3.480547 -3.798595 
