15 15
-3.655622 -4.426928 -3.843407 -2.886860 -3.468659 -2.551430 -2.828532 -3.350567 -4.786286 -3.248029 -2.839738 -3.078601 -4.611082 -3.791681 -3.924820 
-2.241529 -2.481512 -2.232771 -1.555345 -3.232128 -0.789649 -2.557883 -1.895901 -3.374914 -2.579714 -1.920208 -1.972182 -3.289285 -1.381064 -3.115911 
-3.301428 -3.022983 -4.004451 -3.124697 -3.784048 -2.959969 -3.682044 -3.691829 -4.846790 -3.072218 -3.268037 -3.836021 -3.658462 -2.413371 -3.061188 
-2.916032 -3.092016 -3.087045 -2.665684 -3.702942 -2.398147 -3.184124 -3.225591 -4.532667 -3.327180 -3.226180 -2.990601 -3.943777 -2.325678 -2.711309 
-3.451176 -3.369008 -3.804922 -3.434888 -4.167689 -2.221128 -3.894948 -4.044139 -5.126068 -3.422081 -2.741496 -3.617200 -4.251734 -2.103175 -2.867848 
-2.950296 -4.229578 -3.502634 -2.788658 -3.526765 -2.595295 -3.700575 -2.527395 -4.447581 -3.439872 -3.598614 -3.363765 -3.563886 -3.613161 -4.006336 
-3.892356 -3.235396 -3.728885 -2.777751 -2.824504 -2.816862 -3.130923 -3.268057 -5.110748 -3.578155 -3.000524 -3.458616 -3.652026 -3.458516 -2.412796 
-3.163579 -3.523559 -3.556116 -2.897948 -3.868074 -1.647077 -3.590861 -2.754410 -4.495060 -3.429350 -2.825350 -3.164539 -3.768469 -2.801968 -3.645461 
-4.507835 -5.183079 -4.660553 -3.869530 -3.780274 -3.155858 -4.554383 -4.079597 -5.557646 -3.897120 -3.574119 -4.569626 -4.744800 -4.915161 -4.269007 
-2.929203 -3.974821 -3.409697 -3.062601 -4.152047 -3.279134 -3.856933 -3.908958 -4.075042 -3.174258 -1.934019 -3.805223 -4.066869 -2.454503 -2.919841 
-2.873252 -2.294667 -2.931726 -2.718309 -3.152845 -1.905222 -2.477582 -2.826245 -3.318153 -2.682001 -2.445297 -3.399035 -3.152732 -1.671026 -2.065459 
-3.202899 -4.185843 -3.593228 -3.542920 -3.114270 -4.235974 -3.327549 -4.171712 -4.871630 -3.790784 -2.776666 -3.989751 -3.937039 -3.872328 -2.318498 
-3.155898 -3.636132 -3.573827 -2.888555 -2.913518 -2.594226 -2.826826 -3.004197 -4.803443 -2.750722 -3.167099 -2.959495 -3.711185 -3.516290 -3.162868 
-4.070065 -4.136592 -4.200170 -3.197141 -4.551818 -2.839052 -3.549306 -3.389842 -5.468690 -4.574912 -4.128045 -4.081969 -4.687752 -3.435657 -3.934229 
-2.636516 -3.199783 -2.936088 -2.324108 -2.438432 -2.667986 -2.358809 -2.190026 -3.511206 -2.854563 -3.206411 -2.547601 -2.854631 -3.223168 -2.976120 
