15 15
-2.834204 -2.946138 -3.420836 -3.458481 -3.760399 -3.445583 -2.043576 -2.962704 -3.259486 -2.487421 -2.968838 -4.694414 -3.482724 -4.059985 -3.957403 
-2.496016 -1.865042 -1.898692 -2.599653 -2.213141 -2.268656 -1.898835 -1.945382 -2.593675 -1.803096 -1.858034 -2.728814 -2.589571 -2.435175 -2.646110 
-3.942120 -2.784696 -3.020331 -3.644066 -3.801245 -3.693857 -2.592755 -3.085424 -3.175608 -2.746506 -3.369185 -4.216287 -2.806925 -3.373837 -3.722372 
-3.462945 -2.477454 -2.226229 -3.793100 -2.894461 -3.036579 -2.666573 -2.701857 -3.467894 -2.335274 -3.478878 -3.598610 -3.007660 -3.179172 -3.325552 
-3.546647 -2.500778 -3.280867 -3.789679 -3.337038 -3.282585 -3.066514 -3.468854 -3.523025 -2.871867 -2.804476 -4.155411 -3.322321 -3.572209 -3.419415 
-3.692724 -3.268062 -2.187681 -4.189376 -3.822056 -3.428946 -2.665495 -2.286897 -3.542794 -2.790428 -4.119729 -4.198883 -3.310163 -3.618313 -4.243577 
-3.477452 -2.362317 -2.357979 -2.653099 -2.841129 -3.350906 -2.209745 -2.201108 -3.253435 -2.527386 -3.087363 -4.104129 -3.241033 -4.484426 -2.965750 
-3.325586 -2.544703 -2.678451 -3.792641 -3.062131 -3.282983 -2.683516 -2.465660 -3.352198 -2.593347 -3.176092 -4.107056 -3.315144 -3.922799 -3.494462 
-4.314053 -3.709043 -3.398270 -4.313445 -4.271151 -4.156010 -2.773318 -2.947451 -4.322125 -3.089582 -4.369792 -5.793119 -4.539193 -5.723894 -5.087221 
-3.305864 -2.942781 -2.749178 -3.462169 -4.282018 -3.506284 -2.792001 -3.161893 -3.434638 -2.934327 -2.584438 -4.097839 -3.819569 -3.592029 -3.726160 
-3.012278 -2.652386 -1.914019 -3.801520 -3.018161 -2.676623 -1.980215 -3.255297 -2.519469 -2.252462 -2.969709 -4.296369 -3.138489 -2.788882 -2.196531 
-2.865203 -3.023802 -2.513598 -3.678760 -4.129923 -3.848240 -2.821387 -3.077245 -3.209495 -3.270745 -3.343388 -4.333070 -3.301935 -3.992903 -3.870455 
-3.087534 -2.675846 -2.632440 -3.134900 -2.882770 -3.234162 -2.059226 -2.111018 -3.319811 -2.097030 -3.146901 -3.830835 -2.588627 -3.793992 -3.817955 
-3.991035 -3.336856 -3.069799 -4.830248 -4.004758 -4.281008 -3.169172 -3.666870 -3.683004 -3.293954 -4.645069 -5.719780 -4.058123 -4.516419 -3.512751 
-3.001764 -2.709719 -2.086108 -3.293372 -2.747076 -3.380905 -1.877046 -1.500287 -2.889081 -2.159073 -3.548133 -3.110572 -2.577586 -2.964304 -3.400306 
