15 15
-3.402484 -3.304840 -4.017382 -4.075882 -3.795859 -4.514302 -2.586436 -3.553401 -4.062755 -3.511267 -3.891486 -5.184269 -4.212755 -5.321921 -4.126352 
-2.548524 -2.439665 -2.015187 -3.946761 -3.337691 -2.809695 -2.443797 -2.312260 -3.770086 -2.931734 -4.160786 -4.065326 -3.403216 -3.301612 -3.950129 
-2.985180 -2.321508 -2.171482 -3.388138 -2.812652 -2.555721 -1.954183 -2.277517 -2.764331 -1.972431 -3.283714 -3.680705 -2.307037 -2.862628 -3.178389 
-3.554416 -2.954512 -2.969698 -4.418720 -3.719154 -3.615526 -2.959685 -3.527875 -3.414546 -2.685441 -3.709006 -4.479068 -3.412364 -3.303101 -3.407744 
-3.557619 -2.843543 -3.493827 -4.455277 -3.514315 -3.652245 -3.344020 -3.386419 -4.227594 -3.390506 -3.862659 -4.201499 -3.345695 -3.590926 -4.229621 
-3.160885 -3.493761 -1.855368 -4.167596 -3.811419 -3.427472 -2.610993 -2.472903 -3.010218 -2.703692 -4.100656 -4.099106 -2.551497 -3.712255 -4.054863 
-3.196546 -2.525213 -2.514536 -3.375124 -3.072757 -3.224374 -2.989474 -3.141052 -3.572380 -3.237525 -2.730625 -3.797672 -3.641213 -4.125571 -3.255434 
-3.102166 -2.667708 -2.571298 -3.345982 -2.592021 -3.037816 -2.587630 -2.690113 -3.197766 -2.421926 -2.514260 -3.625134 -2.674668 -4.011087 -3.259978 
-2.999024 -2.433792 -2.211507 -2.980876 -2.327226 -2.423617 -1.755545 -2.138582 -2.600398 -1.578638 -2.878901 -3.575651 -2.265728 -3.197655 -3.046644 
-3.261905 -3.292268 -2.305829 -2.901851 -3.636397 -4.194566 -2.089365 -2.847935 -2.292622 -2.742316 -2.628027 -3.849713 -3.509404 -4.238718 -2.810314 
-4.492133 -4.177113 -2.870025 -5.268773 -4.701850 -4.715463 -2.895270 -3.751408 -3.368848 -3.328270 -4.767863 -5.940152 -4.101996 -4.200186 -3.672060 
-3.399363 -3.836487 -3.250278 -4.038795 -4.120257 -4.595149 -2.430807 -3.359586 -3.276574 -3.089708 -3.614729 -4.944020 -4.106259 -4.938524 -4.047316 
-3.110228 -3.096582 -3.141710 -4.172154 -4.193535 -3.534280 -2.502346 -2.526506 -4.092964 -2.733236 -3.568804 -4.892213 -4.075286 -4.028833 -4.580702 
-2.660535 -2.275762 -1.955521 -3.591201 -3.665978 -2.750223 -2.336613 -2.573852 -2.994601 -2.553720 -4.026357 -4.339057 -3.191153 -3.058899 -3.247509 
-3.421601 -2.883695 -2.664089 -4.047522 -3.278117 -4.080689 -2.465426 -1.901272 -3.488178 -2.753260 -3.993803 -4.376753 -3.700472 -3.833146 -3.502993 
