15 15
-3.828137 -3.763483 -4.759059 -3.473612 -2.584577 -2.949736 -3.425763 -4.028053 -4.619448 -3.719417 -3.448819 -2.937526 -3.710975 -3.624200 -2.895594 
-3.915984 -3.098835 -3.016274 -2.865498 -1.886236 -2.067587 -3.484838 -3.019124 -3.573933 -3.227138 -2.770966 -2.619416 -3.437934 -1.349583 -2.255478 
-4.808316 -3.531517 -4.139886 -3.188996 -1.776883 -3.047861 -3.937228 -3.110814 -4.193725 -3.272261 -3.501839 -2.369855 -3.583227 -2.509053 -2.137243 
-3.449074 -3.442212 -3.133297 -3.037264 -1.975412 -2.650904 -4.094876 -3.395701 -4.861869 -3.969407 -4.186796 -2.196030 -3.449624 -2.766447 -1.612948 
-4.955966 -3.546557 -4.997415 -3.701189 -1.936093 -3.052519 -5.191739 -4.362233 -4.496559 -5.109221 -3.573524 -2.919292 -4.428163 -2.786137 -2.128459 
-3.809126 -3.481062 -2.911225 -2.670793 -1.487756 -1.730170 -3.524384 -2.209476 -3.561103 -3.623291 -3.195577 -2.359460 -2.727760 -3.322273 -2.540486 
-2.785144 -2.272389 -2.382762 -1.661708 -1.274021 -1.594000 -3.135400 -2.236582 -3.276568 -3.980805 -2.444162 -1.676318 -2.661052 -2.349600 -0.695777 
-3.599358 -2.974649 -2.560722 -2.289005 -1.434439 -1.670598 -3.182635 -2.731561 -3.115657 -3.057864 -2.912381 -1.527632 -2.159728 -1.830438 -2.198955 
-4.664061 -3.671137 -4.316727 -3.182775 -1.804416 -2.610574 -4.092926 -3.054597 -4.226073 -4.134873 -3.187211 -2.279917 -3.337162 -4.144265 -2.739932 
-3.678747 -3.678513 -3.477395 -2.763716 -2.731347 -3.194603 -4.215216 -3.091431 -3.788320 -4.091330 -2.776550 -1.772787 -3.593987 -2.277370 -1.335518 
-3.722008 -3.358817 -2.642685 -3.128427 -2.222747 -2.374252 -3.504805 -3.411516 -3.770640 -3.632486 -3.559027 -3.069541 -2.927929 -1.585045 -1.048273 
-3.775129 -4.091720 -4.454956 -2.834386 -1.962732 -3.524070 -4.480972 -3.462090 -4.462678 -4.349588 -3.091169 -2.662185 -3.952266 -3.831987 -1.969764 
-3.521493 -3.125564 -4.115481 -2.656976 -1.548439 -2.253949 -3.170229 -2.739783 -4.236714 -3.434629 -2.677126 -2.113173 -2.792644 -3.566212 -2.659395 
-4.255112 -3.405092 -3.901650 -3.156970 -2.250220 -2.555361 -4.148079 -2.760580 -4.540852 -4.020110 -4.221073 -2.436928 -4.091067 -2.840081 -2.306640 
-4.668346 -3.894449 -4.140167 -3.653221 -1.841929 -3.077217 -4.032555 -2.888294 -4.566029 -4.230074 -4.069529 -2.882010 -3.670597 -3.542582 -2.876851 
