15 15
-2.764190 -3.319889 -3.447135 -4.231815 -4.258627 -3.954082 -2.142975 -3.245562 -3.468486 -3.085406 -4.011184 -5.316295 -4.493375 -4.452452 -4.047887 
-2.675181 -2.184225 -2.233175 -3.669594 -3.117904 -2.402083 -2.130428 -1.834361 -3.506302 -2.159516 -3.915736 -3.757997 -2.614545 -2.672577 -3.980653 
-3.557451 -2.661508 -3.221043 -4.191423 -3.556357 -3.416290 -2.709557 -2.803559 -3.903687 -2.719356 -4.076388 -4.091650 -2.569403 -3.084941 -4.386697 
-3.055985 -3.008561 -2.281111 -4.366009 -2.774614 -2.977516 -2.895336 -3.474606 -3.290524 -2.666180 -3.847587 -3.929962 -3.132056 -3.466473 -3.267835 
-3.994091 -3.064784 -3.038082 -4.645721 -3.641303 -3.200289 -3.189475 -3.287793 -4.167555 -3.025592 -4.240505 -5.216292 -3.673698 -4.035484 -4.140454 
-2.719221 -3.404715 -2.425906 -3.638685 -3.480473 -3.354235 -1.943661 -2.265238 -2.985343 -2.437898 -3.057999 -3.800105 -2.933888 -3.636352 -3.752605 
-2.686975 -1.982106 -1.747153 -1.918229 -1.631614 -2.667819 -1.917462 -2.317783 -2.312989 -2.071252 -1.898191 -2.496218 -2.094731 -3.263064 -1.716942 
-2.293525 -2.204051 -2.433733 -2.920451 -2.478857 -2.595153 -2.049127 -1.873837 -2.764456 -2.070151 -2.539421 -3.216773 -2.305408 -3.361028 -3.465465 
-3.822050 -3.446288 -2.714453 -3.711548 -3.763996 -3.952641 -2.612712 -2.939932 -3.063513 -2.764745 -3.029176 -4.622525 -3.867410 -4.628823 -3.824958 
-3.219926 -2.750352 -2.480742 -3.444505 -3.876692 -4.039059 -2.904061 -3.072774 -2.578637 -2.900810 -2.810974 -3.630779 -3.456563 -3.002735 -2.702354 
-3.071636 -2.707042 -2.088219 -3.808039 -2.432259 -3.311865 -2.213368 -2.679160 -2.610103 -2.337691 -3.730442 -4.056651 -2.372359 -3.294590 -2.302064 
-3.478222 -3.578118 -2.701371 -4.734457 -3.696626 -4.275887 -3.052777 -3.161390 -2.784688 -3.150046 -3.688029 -4.832320 -3.503201 -4.191922 -3.425961 
-2.291235 -2.760712 -2.959460 -3.244319 -3.279747 -3.343142 -2.010343 -2.587247 -3.419361 -2.565811 -2.539484 -4.110702 -3.493476 -4.020938 -3.641154 
-3.176575 -2.810131 -2.679265 -4.226664 -3.778481 -3.459065 -3.021131 -2.549990 -3.475819 -3.025108 -4.011606 -4.404740 -3.149377 -3.758348 -4.120076 
-3.477846 -3.683092 -3.198883 -4.480320 -3.532669 -4.426403 -2.454365 -2.360766 -3.696583 -2.974772 -4.090238 -4.589595 -3.622771 -4.640809 -4.399250 
