15 10
4.212541 3.544214 4.493729 5.178220 3.954231 3.997243 4.299865 4.518958 4.571238 4.369994 
5.554702 3.591068 5.496534 4.481940 4.400001 2.749159 1.928002 2.887500 3.683463 3.473296 
2.484015 3.146339 3.500362 3.630981 3.933736 3.348078 2.249916 3.936923 3.773807 3.740695 
4.249216 3.378344 4.542850 4.453988 3.666458 4.466518 4.315580 4.576009 4.323622 4.997883 
4.993488 3.145695 5.088719 4.491825 4.729391 4.428820 2.833395 4.297009 3.587681 3.352167 
4.446566 4.178149 4.580014 3.977802 4.377067 4.422774 3.144621 4.397097 4.176870 4.519719 
4.579838 2.920277 5.149731 4.709458 4.541430 5.309482 5.110614 4.350744 4.053004 4.388085 
5.340648 2.509607 4.913527 4.842833 4.326859 4.614477 3.301882 4.131575 4.638477 3.674225 
4.620118 3.921959 4.527221 3.550527 4.998829 5.143004 4.108210 4.869769 4.046341 4.948226 
3.207026 2.903849 3.963173 4.668869 3.140165 4.440189 4.346139 4.298135 4.406124 4.478355 
5.717265 3.521644 5.532390 4.351362 5.356825 3.742157 2.646560 4.653481 4.351791 4.218238 
3.892750 3.912045 3.679964 3.678471 4.802846 4.968750 3.761728 4.208580 4.335495 4.796446 
4.441195 4.457569 5.165487 5.723278 4.891155 5.593714 5.196912 5.513880 4.340579 5.463112 
6.696460 4.221869 5.751142 5.585905 5.884565 3.948971 3.091961 4.593484 4.433856 4.380013 
5.118956 4.136956 4.487678 3.892458 4.466359 4.531875 2.917434 4.893266 4.347687 4.747499 
