15 15
35.199405 29.777973 34.428239 29.344138 18.693262 23.908836 33.452340 26.729131 34.954411 35.140373 27.526135 24.275013 30.674003 27.565519 19.968948 
23.315196 19.996161 23.134226 19.791789 12.695948 16.285487 22.972813 17.790043 24.228916 23.438802 19.134607 16.206563 21.002111 18.873341 13.221912 
35.305344 29.651325 34.559921 29.392173 19.020291 24.258058 33.552118 27.015870 35.099957 35.139118 27.722609 24.065587 30.966061 27.113501 20.094935 
32.244826 27.230065 31.632113 26.616600 17.469942 22.280528 30.759744 24.601189 31.997387 31.849715 25.270914 21.369649 28.477828 24.733474 18.580008 
34.975139 29.442810 34.299046 29.487893 18.793508 24.268860 33.514934 26.800886 35.283284 34.545861 28.191050 23.796294 30.951038 27.657600 20.030866 
36.322390 30.549511 35.801080 29.922824 19.525448 25.026446 34.267139 27.597470 35.841987 35.805831 28.127737 24.064707 31.676079 27.551908 21.045874 
32.115444 27.112251 31.538304 27.220442 17.348297 22.135506 30.650130 23.890953 32.522002 31.802516 25.376635 21.982916 28.511038 24.944304 17.793737 
33.430503 28.420360 32.824887 28.119853 17.802636 23.120675 32.084230 25.166245 34.128710 33.048362 27.075202 22.745518 29.555038 26.490398 18.920531 
44.559451 37.320429 43.819445 37.641057 23.795595 30.578005 41.962658 32.941186 44.710952 43.992505 35.026929 30.255864 39.249087 34.760722 25.108705 
35.427635 29.429012 34.667920 30.062455 19.084255 24.391103 33.504858 27.005404 35.298867 35.063641 28.319198 24.322743 31.267835 27.870241 20.380888 
29.949159 24.680384 29.113462 25.079817 15.555082 20.524465 28.327260 22.741750 29.366142 29.607970 24.000194 20.205126 26.185132 22.889864 16.855573 
36.709627 30.623187 35.838486 30.385438 19.598822 24.894507 33.910391 28.163624 35.412112 35.784661 28.018035 24.478187 31.529297 27.866617 21.516811 
31.494232 26.854444 30.905165 26.185410 17.077768 21.548787 29.915894 23.753916 31.554387 31.316471 24.540066 21.332278 27.683247 24.428926 17.898836 
42.261548 35.700393 41.068953 34.796690 22.056662 28.866823 40.248185 32.104992 41.835780 41.662140 33.438801 28.433291 36.808190 32.325193 23.801760 
28.955006 24.810714 28.543550 24.051360 15.889876 20.015981 27.514086 22.204233 29.085657 28.968093 22.661646 19.518424 25.319582 22.106427 16.589033 
