15 15
30.558732 32.044140 32.730531 27.658621 32.223346 25.223550 28.049671 29.323444 41.264280 32.282248 28.252079 31.544710 35.639001 29.439588 29.677417 
19.682884 19.901517 21.525538 18.144804 21.040311 16.639360 17.728981 19.305670 26.895569 21.251141 18.957596 20.849742 23.538042 19.610097 18.403904 
29.058873 31.391060 31.925345 26.934729 30.480149 24.436354 28.719901 28.361400 39.402024 30.845435 27.843878 31.769548 34.331250 29.738479 29.200143 
26.726140 28.512889 28.823789 24.610160 28.549318 22.117690 25.594335 26.218292 36.424666 28.707713 25.850077 28.580439 31.907759 27.117436 26.180074 
29.826961 31.785082 31.909037 27.199614 30.801947 24.944702 28.247955 28.806693 40.219885 31.903826 28.632603 31.771915 34.695260 30.390356 29.128123 
28.999775 30.743720 32.418302 26.844793 31.731650 24.064334 28.343072 28.629204 39.673257 30.899964 27.659934 31.405078 35.374084 28.964506 29.189210 
28.362203 31.431658 30.322226 25.508039 30.505211 23.504724 27.418907 27.390174 38.374043 30.836561 26.919030 30.019476 33.676854 28.615639 28.679290 
27.567984 29.219780 30.419198 25.385132 29.763684 23.120347 25.949499 27.190751 37.665171 29.996861 26.499575 29.622845 33.225282 28.009259 27.130609 
36.654663 39.480384 40.486828 33.427437 39.429658 30.531080 35.465011 35.817936 49.658869 39.177268 34.876928 39.413469 43.871937 36.910268 37.232875 
29.014037 30.750613 31.872730 25.945794 30.254742 23.926494 27.748066 27.835319 38.448886 30.668816 27.497743 31.055894 33.633467 29.119095 28.934312 
22.284092 24.416124 24.766766 20.833072 24.137228 19.146250 21.820004 21.954699 30.430106 24.287534 21.741377 24.757441 26.865531 23.285138 22.368581 
31.000701 34.350045 33.173845 27.888937 32.848888 25.262437 30.686949 29.765434 41.636402 32.947554 29.218143 32.788623 36.382726 30.916965 31.879187 
27.445557 29.402023 29.712914 25.304855 29.203982 22.688286 26.447013 26.778080 37.525345 29.108744 25.812645 29.250830 32.557592 27.192022 27.344594 
34.053226 36.781056 36.812428 31.225747 37.213249 28.354133 32.039171 33.421401 46.506164 37.164833 32.437148 36.028808 40.965424 34.033941 33.407547 
23.559592 25.631928 25.817790 21.692119 25.914376 19.252553 22.740143 23.575233 32.079184 25.086876 22.251589 25.090103 28.425565 23.456161 23.910941 
