15 10
3.708047 3.970191 3.935669 4.247557 3.756854 4.996517 5.274559 3.635576 3.622717 3.966827 
4.929937 4.829690 3.796362 3.197774 3.280198 2.460963 3.045584 2.696701 2.967728 2.724472 
3.249789 4.057460 2.998535 2.542625 3.864877 2.942412 2.915513 2.952870 2.450321 2.507400 
4.092437 3.461632 4.002235 4.003301 3.736523 5.029242 4.847848 3.787657 3.767072 4.564917 
4.476052 4.065274 4.150073 3.437684 3.722540 4.153145 3.696792 3.779658 3.115571 2.651405 
5.053986 4.752522 3.861553 3.113871 4.260220 3.894632 3.987627 3.411094 2.851039 3.548704 
4.045818 3.421590 4.751129 4.289422 3.962145 5.834381 5.867044 3.338582 3.507876 4.224409 
4.716255 3.437131 4.019016 3.189127 3.512451 4.785708 4.018701 3.499932 3.781944 3.401815 
5.368351 5.226291 3.713371 2.696259 5.084528 4.966807 4.876891 3.701943 2.649803 3.961276 
2.734692 3.961291 2.882604 4.159951 3.260033 5.325453 4.979104 3.898981 3.297531 4.331717 
4.966371 4.366014 3.872373 3.063970 3.788298 3.888358 3.748356 4.171764 3.568342 3.601433 
4.748652 5.136846 3.000481 2.767463 4.807736 4.503637 4.686828 3.363575 2.585681 3.688203 
4.366180 4.654289 4.078834 4.923682 5.047292 6.144502 6.264239 4.151068 3.791672 5.284475 
6.154415 5.415671 4.615650 3.885928 4.486719 4.627533 2.806758 4.326307 3.848660 4.276587 
5.648797 5.241162 3.313421 3.363576 4.133570 4.562175 3.680321 4.278199 3.102256 3.811858 
