15 10
4.185915 3.180395 4.625832 4.697026 3.486253 3.850487 3.868042 5.287093 4.062616 4.970630 
3.783070 4.326439 4.412337 4.648061 4.447704 2.224808 2.272566 2.472934 3.430939 3.051197 
3.108667 3.243506 3.679741 3.163245 3.149043 2.813927 2.747340 3.641025 3.561671 3.063378 
2.859818 3.485735 3.866843 4.892340 3.352898 4.085526 3.934150 5.137545 3.945694 3.988777 
4.121127 3.871392 5.210629 5.202345 3.771437 2.711507 2.401449 3.262457 4.709208 3.748789 
4.419473 3.527185 4.841887 4.192283 3.386871 3.754916 3.761003 4.372702 4.970042 3.627862 
2.875073 3.023812 3.720877 4.958901 3.696303 4.513600 3.433213 5.135367 3.817560 3.904288 
3.959637 4.302326 4.810308 6.236757 3.801550 2.723948 3.318647 3.663772 4.591414 3.781003 
3.619051 3.817228 5.106746 4.608490 4.609245 3.785515 3.931202 4.603792 4.538097 4.455177 
2.570120 3.074742 3.622411 4.766860 3.316547 3.882157 3.795168 4.569681 3.923341 3.713569 
4.081773 4.579486 4.605169 5.255737 4.101795 3.462000 3.074477 3.581464 4.197962 4.548340 
3.443480 3.932608 4.949871 3.838497 4.491716 4.299053 4.162265 4.076447 4.633417 4.567894 
4.109024 4.004369 5.566757 6.175634 4.852011 4.825337 4.616569 5.893423 4.845396 4.280729 
5.559859 5.354948 6.040132 6.213900 5.271874 2.701952 2.845067 4.294574 5.077683 3.535084 
3.897636 3.000318 5.933396 4.494847 3.424459 3.654271 4.054307 4.843922 5.602769 3.714877 
