15 10
4.406349 3.677777 3.484494 6.193196 4.645050 4.507214 3.212158 4.610089 3.977663 3.269100 
4.918133 4.010223 4.521414 4.124466 4.062507 3.088796 2.432292 2.530784 4.357236 3.533216 
3.051306 2.823133 3.618733 3.126364 3.029353 2.881799 2.814843 3.857487 3.321838 2.732941 
4.706048 3.103574 3.702593 4.926529 4.590216 4.600097 3.862860 4.758441 4.100799 4.480909 
3.993516 3.107412 4.236932 4.118956 4.345520 4.900510 3.064051 3.543490 4.526975 4.068957 
4.804995 3.924051 4.552166 3.844698 3.410189 3.919073 3.219833 3.882681 3.528793 3.745399 
4.916939 3.149139 4.363595 5.706440 5.381796 5.699194 4.907700 4.244080 3.749235 3.512251 
4.684688 2.819796 4.321480 3.838310 3.583527 5.172135 3.167275 3.432438 5.568596 4.328104 
5.151995 3.419427 4.309751 3.398195 4.206035 4.252379 4.243186 4.231959 3.511143 4.302419 
3.905114 2.883103 3.402322 5.441439 4.275475 4.868740 4.351516 4.873460 4.330211 3.378385 
4.749492 3.132763 4.713303 3.919882 4.214637 4.360330 2.715865 4.039040 5.383394 4.994565 
4.682709 3.566850 3.529875 3.396018 3.917554 3.868564 4.278417 3.906533 3.580150 3.818396 
5.485471 3.508604 4.036735 6.647532 6.496805 6.218573 4.628990 5.152721 4.121005 4.794465 
4.657953 3.967799 4.658467 4.679353 5.318110 4.580031 2.650201 3.571119 4.695087 4.902666 
4.981566 3.588293 4.345739 3.814294 4.336135 3.449992 3.001128 4.009787 3.994175 4.409437 
