15 15
29.904600 27.278224 24.596524 35.119284 31.795008 32.916424 23.328787 26.583542 29.828684 25.481146 31.991454 39.430484 30.307863 35.230020 32.295777 
19.269805 17.785600 15.306301 23.138492 20.944009 20.940326 15.000976 16.856635 19.545857 16.400153 21.670205 25.786207 19.673848 22.873635 21.538879 
29.029584 26.250164 23.722392 34.645418 32.100604 31.330978 22.426362 24.939069 29.831700 24.499264 32.075870 39.055315 30.502605 33.617453 32.679855 
26.535159 23.924638 21.625132 31.543312 28.682625 28.855772 20.516195 22.624595 27.408546 22.489148 29.639230 35.299968 27.427173 31.172717 29.873307 
29.347446 26.690650 23.787948 35.134814 32.217474 32.169046 22.667851 25.163795 30.003704 25.002099 33.092960 39.448873 30.399863 34.172786 32.803050 
29.173764 26.568412 23.996677 34.465673 31.466458 31.257441 22.456993 25.230229 29.724329 24.251963 31.316210 38.685625 30.067056 34.323145 32.722085 
28.479151 25.567240 23.324078 33.745862 30.216039 30.944684 22.160585 24.221887 29.252377 23.994189 31.200365 37.517578 29.077224 33.119136 31.467916 
27.415152 25.363476 22.317887 32.746372 29.643934 29.897926 21.145215 23.719892 28.116188 23.287823 30.481840 36.703418 28.313240 32.804568 30.840563 
36.989678 33.748119 30.262242 43.479725 39.577507 39.845198 28.210399 31.797095 37.291442 30.697939 39.721071 48.864479 37.769231 43.191914 40.859729 
29.000214 26.178160 23.415969 34.103088 31.253323 30.964393 21.668041 24.850676 28.916744 23.681914 31.627407 38.919311 29.871647 33.334687 31.446239 
22.707111 20.414297 18.047995 27.193860 24.646325 24.023226 17.477553 19.307778 23.550109 19.100462 25.440539 30.584359 23.820341 26.450417 25.494829 
31.119314 27.689069 26.027088 36.685006 33.208487 33.795329 23.911045 26.745215 31.649670 26.028825 33.646599 41.276155 31.937244 35.734736 34.008924 
27.244763 24.811326 22.575684 31.961009 29.333504 29.997345 21.197700 23.702818 27.664277 23.266472 29.208622 35.867409 28.083460 32.194357 30.186008 
33.832145 30.614358 27.739296 40.372674 35.958728 36.765154 26.461329 29.396927 35.061137 28.896529 37.594589 45.105552 34.768220 40.282605 37.684522 
23.652712 21.426861 19.858714 27.430338 24.905337 25.665954 18.205037 20.634002 24.435833 19.923084 25.105752 30.862958 24.343151 28.187680 26.366704 
