15 15
29.132707 31.256495 30.563273 26.645211 30.964703 23.984323 28.220655 28.029944 38.663010 28.875454 26.700672 31.170470 33.453388 27.752480 28.628789 
19.727665 21.172315 20.644128 17.647203 21.179337 16.177110 19.128231 18.371494 26.282839 19.801504 18.197495 20.739060 22.890674 18.587784 19.764516 
29.416989 31.371058 30.253895 26.851866 31.113229 24.340836 27.979234 28.095437 39.153525 29.106107 27.285420 31.036542 33.715016 27.984493 28.441180 
26.863894 28.759247 27.433350 24.698990 28.205733 22.472453 25.777008 25.690030 35.921339 26.409121 24.861089 28.321475 30.724847 25.453000 26.103051 
29.067323 31.299206 30.338039 26.487380 30.878556 24.095209 28.045881 27.747613 38.684362 29.075092 27.079297 30.831143 33.609994 28.081134 28.934308 
29.934602 32.144761 31.114667 28.241814 31.609051 25.167964 29.225258 28.966368 40.504603 29.353419 27.999807 32.132281 34.621667 28.554192 28.884069 
26.589752 28.218261 27.437563 24.304963 29.026992 21.906614 25.905037 25.705021 35.882441 26.412361 24.971063 28.485163 31.115554 25.030011 25.933674 
27.466606 30.003225 29.303108 25.508727 29.894777 22.690805 27.408969 26.536104 37.194815 27.610428 25.752184 29.643780 32.489888 26.477041 27.782800 
35.852990 38.741955 38.410069 34.328625 39.504634 30.423586 36.122056 35.924775 49.297036 35.947620 33.819959 40.219709 42.512263 34.470584 35.321826 
28.955903 30.858838 30.692801 26.959287 30.955796 24.511783 28.034470 28.448992 38.968012 29.191541 27.122247 31.745373 33.518188 28.099887 28.420151 
24.300728 26.506384 25.890555 22.621034 25.952775 20.307093 23.892814 23.811462 32.713749 24.371039 23.221304 26.559431 28.166278 23.925165 24.269383 
30.267446 31.822386 31.062628 28.245915 31.441559 25.195199 28.783095 29.504331 40.289182 29.416717 28.032148 32.193170 34.459471 28.939635 28.890975 
26.179168 27.855139 27.019942 24.209954 28.015894 21.713462 25.245734 25.327295 35.116848 25.697900 23.998826 27.835467 30.221995 24.477491 25.325244 
34.901893 38.157122 36.375151 31.792435 37.122883 28.419409 34.138231 33.265519 46.488167 34.614955 32.672370 36.733999 40.450624 33.650155 34.943660 
24.251440 25.975046 24.971774 22.603100 25.660441 19.956042 23.349199 23.525767 32.629941 23.833960 22.171374 25.589990 27.808243 22.663889 23.213346 
