15 10
4.442937 3.521404 3.556107 5.046380 5.345172 3.696533 3.001861 4.586964 3.739845 3.677015 
3.782356 4.529973 4.284989 4.299618 4.844314 3.087764 2.677254 2.024584 4.368750 3.742929 
3.137908 2.842137 2.842671 3.334088 2.884066 3.269403 3.068513 4.204832 3.051768 3.673690 
4.149751 4.489185 2.801846 4.897796 5.671791 4.518614 3.555084 4.965169 4.079973 4.000905 
4.264417 4.052553 4.860253 4.612185 5.435148 4.289335 4.613460 2.997134 4.806428 4.589002 
4.634424 3.298926 4.362233 3.911962 2.720986 4.454453 4.128133 5.052347 3.988991 4.837576 
4.744790 4.661115 3.509169 5.080166 5.251915 5.227743 3.928780 4.221874 3.255398 3.284783 
4.685810 4.649736 5.025331 4.687239 4.426349 5.164775 3.837384 2.495742 4.820685 4.979767 
4.675772 3.387032 4.611539 4.134016 3.948735 4.632139 4.355716 4.618498 4.271734 5.008936 
4.637360 3.520707 3.007923 5.063094 4.852890 4.454388 4.398181 4.514392 4.557866 3.091033 
4.225111 4.090606 4.984164 3.629521 3.913248 4.198123 3.798344 3.028943 4.797700 5.171287 
4.047123 3.496299 3.458558 3.196763 3.615934 4.167890 4.891605 4.197171 3.509025 4.288034 
5.606297 4.777383 3.949640 5.772040 6.668524 5.999503 4.408940 5.446674 3.968848 3.920541 
4.790595 5.063065 5.161744 5.197532 5.223270 3.892979 4.544239 3.368500 4.251955 5.469636 
3.674790 3.365927 5.005109 3.875255 3.607908 3.915468 3.845967 4.022295 4.629591 5.122493 
