15 10
4.379723 3.313959 3.616597 5.712003 4.177071 4.360458 2.780335 5.378223 3.469041 3.869735 
3.146501 4.745593 3.437217 4.290587 4.110211 2.564445 2.776855 2.116217 4.104713 3.111118 
3.675959 2.920300 3.798113 2.658628 2.244660 2.347649 3.312266 3.561588 3.109702 2.055623 
3.316651 3.210965 3.026586 5.364882 4.276656 4.219106 3.481429 5.319976 3.722871 3.471803 
3.121154 3.833109 4.358842 4.829477 3.387566 3.183197 2.632105 2.508937 5.648502 4.465578 
4.777901 3.273088 4.814038 4.059179 2.419993 3.251216 3.836215 3.858286 4.321965 2.853542 
3.212174 3.252674 2.934742 5.955883 4.536669 4.903312 3.230299 5.028703 3.513792 3.028454 
3.303677 4.612515 4.218262 5.232233 3.058218 3.281607 3.184040 2.964634 5.521533 4.434882 
4.150928 3.314697 4.889276 4.456158 3.816451 2.894891 4.066179 3.965982 4.002900 3.809371 
3.268208 3.053996 3.061560 5.539430 4.451857 4.310708 3.800544 5.145006 3.847427 2.613599 
3.114000 4.190605 3.786082 4.824257 2.959607 4.080173 3.143782 2.967023 5.229565 5.324668 
4.233439 3.587414 4.799781 3.556043 3.606424 3.198866 4.678954 3.774400 3.878072 3.589845 
5.153300 3.055405 4.438005 7.099888 6.457662 5.450196 4.048647 5.532264 4.625822 3.612081 
3.521352 5.100878 4.947457 5.307348 4.705419 3.333013 2.403306 3.272208 5.338914 4.057737 
3.760246 2.451655 5.791457 4.416682 3.294235 2.572388 4.138002 3.960443 5.249257 3.376814 
