15 10
3.681421 3.606373 4.067772 3.766364 3.288875 4.849761 4.842736 4.403711 3.114095 4.567463 
3.158305 5.565061 2.712164 3.363895 3.327902 1.936611 3.390148 2.282134 2.715204 2.302373 
3.874442 4.154627 3.177915 2.074889 3.080184 2.408261 3.412937 2.656972 2.238184 1.830083 
2.703039 3.569023 3.326228 4.441653 3.422963 4.648251 4.466418 4.349192 3.389144 3.555812 
3.603691 4.790971 4.271983 4.148204 2.764586 2.435832 3.264846 2.745106 4.237098 3.048026 
5.026892 4.101559 4.123426 3.328351 3.270024 3.226775 4.604008 3.386699 3.644210 2.656846 
2.341053 3.525125 3.322275 4.538866 3.117018 5.038499 4.189643 4.123205 3.272432 3.740613 
3.335244 5.229850 3.915798 4.583050 2.987141 2.895180 4.035466 3.032128 3.734880 3.508593 
4.367284 5.121561 4.292897 3.754222 4.694944 3.609318 4.699883 3.435966 3.141560 3.468228 
2.097786 4.132184 2.541841 4.257942 3.436415 4.767421 4.428132 4.170527 2.814748 3.566931 
3.330879 5.423856 2.945151 3.968345 2.533268 3.608201 4.176273 3.099747 3.414513 3.931535 
4.299382 5.157410 4.270387 2.927488 4.496606 3.833939 5.087365 3.231442 2.883603 3.459651 
4.034009 4.201089 4.480104 5.376038 5.008148 5.376125 5.683896 4.530611 4.296489 4.102091 
5.017813 6.548750 4.904640 4.513923 3.874028 3.380515 2.559863 4.027396 4.492487 3.431659 
4.427477 4.104524 4.759139 3.965964 3.091670 3.684571 4.817194 4.228856 4.357337 2.779236 
