15 15
4.069918 4.171735 4.494387 2.374010 2.168091 2.413855 3.512021 3.842135 3.698502 3.832259 2.560537 2.317419 3.805544 3.103520 2.836510 
2.592142 2.397023 2.276540 2.149437 1.394709 1.042161 2.996640 1.772543 3.447786 3.019557 2.253908 2.035858 2.604716 1.758177 1.280422 
4.548984 3.296370 4.688386 3.412561 1.964281 2.840423 4.030858 3.009511 4.124620 4.055748 3.331968 2.288888 3.388624 2.851689 2.252127 
3.699637 3.077125 3.896417 3.512788 1.687860 2.396901 4.043556 2.822209 4.274313 3.990780 3.011156 2.445757 3.672957 2.561831 1.504681 
3.938901 3.630674 4.735500 3.878927 2.178814 2.401734 4.362594 3.217295 4.697764 4.223873 2.856449 2.596512 3.694132 2.804447 1.674325 
4.148469 3.426792 3.980959 3.433669 1.781416 2.865405 4.210195 2.612913 4.270782 4.090791 3.684209 2.082648 3.319743 3.257741 2.474617 
4.247213 3.066333 4.321983 2.704269 1.591324 2.375866 4.038438 3.316720 3.817182 5.184300 2.404961 2.669627 3.297992 2.963876 1.885658 
3.670025 3.144367 3.530554 3.592745 1.950051 2.212667 4.148951 2.518019 4.556788 3.899705 3.419321 2.710165 3.021838 2.808791 1.794880 
6.040266 4.580170 5.346533 3.988830 1.940839 3.411761 4.813035 4.105584 4.755631 4.978445 3.648404 3.194617 4.071125 4.302250 3.282452 
4.748155 4.014780 3.815963 2.930324 2.408234 3.036433 4.319094 2.863130 3.829049 4.494602 2.834292 2.146651 4.322980 3.083086 1.766664 
3.340317 2.762686 2.866398 3.750627 1.727061 1.949356 3.043725 2.335274 3.738775 2.976302 3.418762 2.850306 2.752219 3.003149 1.048413 
4.248761 3.954065 4.874090 2.997372 2.480845 3.704980 4.109997 3.915062 3.591245 4.956125 2.380701 2.005816 4.137207 3.321185 2.440899 
3.987947 3.313169 4.220776 2.679524 1.509469 2.558986 3.349283 3.190728 3.780882 3.586659 2.599887 2.057927 2.952577 2.567351 2.493056 
4.067446 3.708456 4.563913 4.132300 2.635607 2.875816 5.119399 3.659089 5.285019 5.057959 4.681934 3.658600 4.338542 3.694344 2.049428 
3.695015 2.607696 3.264803 3.039172 1.261290 2.727802 3.233294 2.184771 2.936847 3.454343 3.148145 1.681322 2.978686 2.210092 1.909936 
