15 15
29.579143 24.963454 23.331712 32.389916 30.324891 30.059396 21.914915 24.355692 29.374262 23.153151 29.421425 37.713049 29.399886 33.409100 31.579401 
20.445226 17.117312 15.822657 22.483050 20.425183 20.812018 15.290481 16.870425 19.592160 15.909029 19.934396 25.479813 19.795350 22.311586 20.929237 
29.903321 24.999713 23.142647 32.576447 30.267487 30.360353 22.216052 24.212929 29.353999 23.309754 29.824569 37.513233 28.962852 33.316111 31.699423 
27.247673 22.753249 21.260574 29.891548 27.937186 27.784513 20.580495 22.289619 26.792154 21.453654 27.123979 34.108828 26.275114 29.967623 29.062396 
29.746658 25.167544 23.319557 33.020685 30.447967 30.404280 22.285703 24.713723 29.396924 23.528466 29.880690 37.684204 29.326223 32.995540 31.594379 
30.422337 25.319206 23.758320 33.244510 31.314502 30.893520 22.860099 24.539464 29.979352 23.950691 30.477493 38.353092 29.547490 33.920250 32.753086 
27.702180 22.707594 21.228530 29.784613 27.550568 27.801141 20.580647 22.171121 27.011323 21.299363 26.954817 33.791879 26.448783 30.182760 29.023129 
28.522845 24.002114 22.596050 31.406947 28.920090 29.143582 21.374943 23.495683 28.097841 22.545515 28.213467 35.865590 28.157518 31.864367 30.219619 
37.405908 31.164621 29.361856 40.830245 38.504290 37.653583 27.951895 30.537992 37.444852 29.569153 37.193469 47.149540 37.065588 41.974908 40.362977 
29.704519 25.350200 23.282048 33.016509 30.937622 30.314729 22.083754 24.806568 29.608970 23.682267 30.228257 38.127804 29.596158 33.385294 31.896055 
25.380443 21.354010 19.739155 27.479687 25.619415 25.836953 18.442284 20.396030 24.725625 19.796592 25.453907 31.778552 24.755678 28.235120 26.698319 
30.109936 25.493263 23.880750 33.182067 31.622888 30.770773 22.426386 24.849626 30.300584 23.874431 30.684867 38.735859 29.762805 34.127811 33.129376 
26.554180 22.124742 20.874893 28.902220 27.096691 26.903897 19.970242 21.822765 26.330750 20.828126 26.114021 33.321921 25.867502 29.692118 28.415545 
35.875568 30.004394 28.242884 38.957654 35.932774 36.647301 26.499262 28.812945 35.044255 27.838994 35.502353 44.704449 34.763241 39.887095 37.879630 
24.219851 20.278253 19.387674 26.419330 24.868211 25.001300 18.340860 19.962998 24.186124 19.348422 24.176729 30.637607 23.823220 27.580831 26.092109 
