15 15
33.306511 29.663487 30.452068 26.908373 19.219269 23.460301 32.340964 27.434123 35.299460 33.276838 29.688523 23.700797 29.146799 25.964975 19.572780 
23.317785 20.177554 20.773055 18.074336 12.389299 15.893652 21.669814 17.783524 23.640965 21.293589 19.749374 15.727312 20.266557 17.394011 13.712190 
34.565247 29.896881 31.954789 27.258577 19.076184 24.011250 32.896828 27.018827 36.076304 33.291813 29.695698 23.583866 30.286697 26.962332 20.727588 
32.386373 27.652727 29.834085 25.474950 17.297228 22.449435 30.598822 25.036253 33.193489 30.301140 27.410229 22.015170 28.306081 24.839446 19.340760 
35.223497 30.193785 32.424115 27.878395 19.151051 24.224181 33.267382 27.533209 36.301479 33.514884 29.989825 24.401279 30.711926 27.272036 21.184687 
34.322964 29.870406 31.680910 26.986266 18.633167 23.829033 32.572009 26.848316 35.675044 32.574099 29.521830 23.004544 29.817691 26.968591 20.706997 
33.414061 28.726479 29.985201 25.991926 17.675131 23.114711 31.574714 26.565601 34.070724 31.642348 28.667868 23.328912 28.990801 25.078845 19.327534 
33.045371 28.551073 29.959493 25.698005 17.513717 22.555936 30.769770 25.679851 33.407008 30.758764 27.845971 22.166009 28.400159 25.000607 19.730187 
43.089287 37.600152 39.488547 33.931577 23.609314 30.062572 41.431674 34.259769 44.827128 41.981030 37.321257 29.650068 37.803961 33.322009 25.191761 
34.677442 30.328319 31.828743 27.636854 19.439376 24.306991 32.989749 27.262294 36.698376 33.032074 30.304029 23.886111 30.518754 26.806028 20.673044 
29.591741 24.844494 26.875126 23.027305 15.350746 19.688687 27.207529 22.099245 29.433106 27.555352 24.528747 19.470624 25.657746 22.713106 17.574353 
35.740078 31.121129 33.559761 29.194081 20.404009 25.477268 34.539974 29.350687 38.156525 35.236404 31.567035 25.408596 31.335665 28.362733 21.565715 
30.598380 26.913405 28.252617 24.348963 17.234899 21.680763 29.643906 24.889310 32.229258 30.171090 26.807193 21.291111 26.828413 23.682825 18.059461 
41.745836 35.790286 37.859999 32.781698 22.053849 28.429275 38.680232 32.512303 42.017051 38.881535 35.346661 28.002027 35.705113 31.898383 24.993146 
27.933828 24.273009 25.755886 21.686499 15.140104 19.595100 26.506036 22.305555 28.712070 26.769557 23.990469 18.372993 24.074964 21.203978 16.704729 
