15 10
4.249130 3.387841 4.565342 4.031403 4.654353 3.186563 4.089568 4.495833 4.333420 4.777909 
4.418925 4.110819 5.260110 4.657092 5.181807 2.748127 2.172964 2.381300 3.694976 3.683008 
2.570617 3.165343 2.724300 3.838704 3.788449 3.735682 2.503586 4.284268 3.503737 4.681444 
3.692918 4.763955 3.642103 4.425254 4.748034 4.385034 4.007804 4.782737 4.302795 4.517879 
5.264390 4.090835 5.712040 4.985053 5.819020 3.817645 4.382804 3.750653 3.867134 3.872213 
4.275996 3.553024 4.390082 4.045066 3.687865 4.958154 4.052921 5.566764 4.637068 5.611896 
4.407689 4.432253 4.295305 4.083184 4.411549 4.838032 4.131694 4.328537 3.559166 4.160616 
5.341770 4.339547 5.617377 5.691762 5.169681 4.607116 3.971992 3.194880 3.890566 4.325888 
4.143895 3.889563 4.829009 4.286347 4.741529 5.522763 4.220740 5.256307 4.806932 5.654743 
3.939271 3.541453 3.568775 4.290524 3.717579 4.025838 4.392805 3.939067 4.633780 4.191003 
5.192884 4.479487 5.803251 4.061000 5.055436 3.579950 3.729039 3.643385 3.766097 4.394960 
3.257163 3.841493 3.608647 3.479216 4.501226 5.268077 4.374916 4.499218 4.264370 5.266084 
4.562022 5.726348 5.078392 4.847786 5.062874 5.374644 4.976863 5.807833 4.188422 4.589188 
6.829103 5.317135 6.254420 6.104084 5.789725 3.261919 4.985999 4.390866 3.990723 4.946984 
3.812180 3.914590 5.147048 3.953419 3.738132 4.997351 3.762272 4.905774 4.983103 5.460556 
