15 15
4.448891 4.160680 4.038359 2.977602 1.738587 2.341904 3.520016 3.554679 3.311240 3.649886 2.781511 2.498477 2.900191 3.364441 3.181296 
2.671836 2.134617 2.629928 2.157569 0.960552 1.758255 2.606796 1.614258 2.857779 2.344082 2.177819 1.466115 2.397820 2.630369 1.307050 
4.279775 3.524374 4.535022 3.830822 2.093177 2.944312 3.823127 3.016434 3.777100 3.485553 3.242936 2.087905 3.908502 3.002146 2.697756 
3.330953 3.157189 3.311935 3.818298 2.343706 2.714948 3.484193 2.255109 4.489813 3.349105 3.066947 3.205512 3.407939 2.920647 1.160222 
3.599161 4.126667 4.031716 3.325958 2.170124 2.905066 4.211228 2.308059 4.933019 3.661718 3.391338 2.297316 3.845306 3.484795 1.743894 
4.674870 2.892116 3.768172 3.339987 2.011687 3.045480 3.949081 2.995395 3.764339 4.180351 3.752200 2.613983 4.087214 2.918796 2.437433 
3.860009 3.096623 4.315953 3.375176 2.331118 2.769864 4.021136 3.182887 3.924023 5.241038 2.670277 3.201661 3.541400 2.420517 1.712597 
3.605198 3.494692 3.887726 3.359921 2.160263 2.658883 3.679108 2.350450 4.768901 3.579920 3.007802 3.099881 3.380572 3.174331 1.868992 
5.787168 4.593263 5.320679 4.148074 2.383133 3.419628 4.677151 4.383743 4.765192 5.615836 3.880218 3.784552 3.974602 3.848570 3.320964 
4.217243 3.593054 4.113040 3.288820 2.420971 2.599747 4.159237 2.502261 3.913595 4.803178 2.942842 2.418217 3.918741 3.676441 2.329481 
2.473222 2.051480 3.128882 3.536505 1.696950 2.094183 3.144442 2.063879 3.825614 2.703511 3.078717 2.900228 3.101740 3.771223 1.564469 
4.183106 3.404825 4.266416 3.125444 3.135477 3.062554 3.732927 3.870038 4.043952 4.533623 3.191134 2.168413 3.612255 3.056012 3.357412 
4.401545 3.557583 3.472650 2.602263 1.770197 2.322892 3.448448 3.502986 2.964189 3.830636 2.492095 2.645973 3.125068 2.326248 2.467813 
4.089323 4.070752 4.805965 4.001449 2.982215 3.651431 5.008889 4.253344 5.190227 4.995206 3.881772 3.601338 4.047336 3.566971 2.538546 
3.808348 2.205909 2.797259 2.757213 1.301434 2.332852 2.983955 2.716361 2.622618 2.955113 3.004444 2.190095 2.957862 1.902686 1.870373 
