15 15
27.405862 26.003343 23.116252 33.336569 28.637850 30.658667 21.788776 24.634389 27.587812 23.433792 30.065180 36.568455 27.862890 33.066351 30.185444 
18.486367 17.335059 15.907091 23.063751 19.742401 20.401612 14.868036 15.765869 19.246647 15.760719 20.682558 24.500938 18.474790 21.740360 21.585401 
27.979275 26.117323 23.411422 34.338044 29.858606 30.697312 22.527557 24.245525 28.581880 24.007736 30.482710 37.394516 28.607805 33.374829 31.803261 
26.166170 24.150509 21.747134 32.350722 27.864608 28.363445 20.868415 22.058885 26.787203 22.094651 29.007848 34.922208 26.439696 30.541677 29.890146 
28.234857 26.582451 23.978826 34.968678 30.381198 31.410605 22.523924 24.325918 29.110832 24.322757 31.286672 38.145993 29.105544 33.930226 32.328620 
27.619058 25.907601 23.588068 34.194700 29.765155 30.499466 22.362235 24.248745 28.498989 23.857375 30.188865 37.153496 28.634429 32.930815 31.759816 
26.932477 24.985230 22.278226 33.116903 27.710669 28.763776 21.102136 22.817218 27.765229 22.352777 30.336188 36.141678 26.862735 32.029349 30.561915 
25.947996 24.500031 22.805984 32.256210 28.156767 29.104773 20.858621 22.534943 27.387753 22.567728 29.000834 35.124777 26.931794 31.393951 30.481928 
35.043953 32.569538 29.431786 42.641530 36.687120 38.214489 27.946598 30.588501 35.932803 29.770403 38.271176 46.758203 35.642147 41.812721 39.356624 
28.270846 26.383420 23.734964 34.827116 29.757247 31.148525 22.811043 24.537664 28.755935 24.212091 31.048560 37.409926 28.354377 33.549508 32.023191 
23.349638 21.787088 20.060033 28.216496 25.268622 25.765349 18.445386 20.002380 24.354727 20.068962 24.951418 30.897296 23.993230 27.842581 27.180788 
29.451066 27.598945 24.351865 36.206800 31.021463 32.443476 23.439043 25.991990 29.832867 25.225058 32.691531 39.882786 30.323339 35.467815 32.736810 
24.988984 23.346864 20.962197 30.579897 26.229583 27.523713 20.050957 22.003901 25.532104 21.393064 27.632725 33.545887 25.527996 30.001094 27.946803 
32.937867 31.150856 28.577475 40.716604 35.710140 36.672236 26.175921 28.706331 34.446586 28.423106 36.637320 44.500615 34.207744 39.642658 38.465565 
22.542526 20.848633 18.997835 27.383229 23.757312 24.677377 18.105655 19.441983 23.051609 19.250546 24.690204 29.980007 22.904165 26.856375 25.688304 
