15 10
3.744635 3.813818 4.007282 3.100741 4.456976 4.185836 5.064262 3.612451 3.384899 4.374743 
3.794160 5.349441 3.559937 3.372927 4.062004 2.459930 3.290546 2.190501 2.979241 2.934184 
3.336391 4.076464 2.222473 2.750349 3.719590 3.330015 3.169183 3.300215 2.180251 3.448149 
3.536139 4.847243 3.101489 3.974567 4.818099 4.947759 4.540072 3.994385 3.746245 4.084913 
4.746954 5.010414 4.773394 3.930912 4.812168 3.541970 5.246201 3.233302 3.395024 3.171450 
4.883415 4.127397 3.671621 3.181134 3.571018 4.430012 4.895927 4.580761 3.311237 4.640881 
3.873670 4.933566 3.896703 3.663149 3.832264 5.362930 4.888124 3.316375 3.014038 3.996941 
4.717376 5.267070 4.722867 4.038056 4.355272 4.778348 4.688810 2.563236 3.034032 4.053478 
4.892128 5.193896 4.015159 3.432080 4.827228 5.346566 4.989421 4.088481 3.410395 4.667793 
3.466937 4.598895 2.488205 3.781606 3.837447 4.911101 5.025769 3.539912 3.525187 4.044365 
4.441990 5.323857 4.143234 2.773608 3.486909 3.726151 4.830835 3.161668 2.982648 3.778155 
4.113065 5.066295 2.929163 2.568208 4.506116 4.802963 5.300017 3.654213 2.514556 4.157841 
4.487006 5.923068 3.991739 4.048191 5.219010 5.925432 6.044189 4.445021 3.639515 4.410551 
6.287057 6.510937 5.118927 4.404108 4.391880 3.940481 4.700795 4.123688 3.405527 4.843558 
4.342021 5.018796 3.972792 3.424537 3.405343 5.027651 4.525159 4.290708 3.737672 4.524914 
