15 15
-2.827856 -2.373165 -3.410122 -3.978978 -3.338861 -3.299349 -2.932550 -3.055617 -2.816961 -2.092073 -2.996496 -4.918761 -2.774277 -3.681064 -4.059522 
-2.303614 -2.139326 -1.658091 -2.763292 -1.433865 -2.967329 -1.877491 -1.687998 -1.798994 -1.061570 -1.817898 -2.882723 -1.990446 -3.284867 -2.436282 
-4.104763 -2.849562 -2.319831 -4.276431 -3.657159 -3.818536 -2.454411 -3.254006 -3.410360 -2.306674 -3.816566 -4.338788 -3.077710 -3.766000 -3.808743 
-3.511964 -2.053040 -2.285459 -3.384628 -3.444284 -2.899066 -2.112597 -2.546298 -2.996860 -2.520275 -3.407942 -3.708173 -3.121276 -3.456411 -3.197920 
-3.145893 -2.921326 -3.235943 -3.782484 -3.453520 -3.776500 -3.016048 -2.894973 -3.125806 -2.397913 -2.738892 -4.117274 -3.272715 -3.668130 -4.023836 
-3.389007 -2.611634 -2.242340 -4.401208 -3.569575 -4.016709 -2.167163 -2.867937 -3.318033 -2.699328 -4.111797 -4.868203 -3.594933 -3.954940 -3.493716 
-3.117656 -3.020950 -1.869881 -3.256110 -3.718297 -3.474839 -2.065358 -2.535965 -2.889437 -2.344062 -2.831022 -4.716805 -2.766828 -3.665834 -2.822863 
-3.042998 -2.312223 -2.571135 -3.762645 -3.401402 -3.816271 -2.727875 -2.511427 -3.445976 -2.571252 -3.175691 -4.387292 -3.963053 -3.596681 -2.859226 
-4.204551 -3.537895 -3.913323 -5.003457 -4.929063 -4.446463 -2.598038 -3.138958 -4.491802 -3.074865 -5.089261 -5.951333 -5.052201 -5.583576 -5.133196 
-3.558101 -2.281251 -3.022852 -3.737423 -3.380663 -3.431371 -2.751226 -2.879171 -4.016599 -2.738702 -2.996797 -4.842123 -3.054716 -3.825256 -3.990521 
-2.557488 -2.170533 -1.936513 -2.818129 -2.945239 -2.969203 -1.549729 -2.481478 -2.252617 -2.491166 -2.735186 -3.929838 -2.876606 -3.204674 -2.726186 
-3.680530 -2.450763 -2.298777 -4.144421 -3.955334 -3.273682 -2.416808 -2.512972 -3.738044 -3.034731 -3.607367 -4.107796 -3.125086 -3.637268 -4.427286 
-3.535173 -3.007591 -1.739849 -2.887238 -3.207663 -3.082305 -1.919048 -2.211842 -2.483980 -2.485809 -3.044838 -3.543166 -2.516745 -3.731865 -4.088428 
-4.463125 -3.964276 -3.435510 -5.225679 -3.630413 -5.015713 -3.092023 -3.848001 -3.653034 -3.458761 -4.268067 -5.542219 -3.793896 -4.981183 -3.339541 
-2.756474 -2.682926 -1.485632 -2.706084 -2.824546 -2.492573 -2.163514 -1.612671 -2.569853 -2.324631 -3.577880 -3.185327 -2.816280 -3.322824 -3.563281 
