15 15
-3.649274 -3.853955 -3.832693 -3.407357 -3.047121 -2.405196 -3.717506 -3.443480 -4.343761 -2.852681 -2.867396 -3.302948 -3.902635 -3.412760 -4.026939 
-2.049127 -2.755796 -1.992170 -1.718984 -2.452852 -1.488322 -2.536539 -1.638517 -2.580233 -1.838188 -1.880072 -2.126091 -2.690160 -2.230756 -2.906083 
-3.464071 -3.087849 -3.303951 -3.757062 -3.639962 -3.084648 -3.543700 -3.860411 -5.081542 -2.632386 -3.715418 -3.958522 -3.929247 -2.805534 -3.147559 
-2.965051 -2.667602 -3.146275 -2.257212 -4.252765 -2.260634 -2.630148 -3.070032 -4.061633 -3.512181 -3.155244 -3.100164 -4.057393 -2.602917 -2.583677 
-3.050422 -3.789556 -3.759998 -3.427693 -4.284171 -2.715043 -3.844482 -3.470258 -4.728849 -2.948127 -2.675912 -3.579063 -4.202128 -2.199096 -3.472269 
-2.646579 -3.573150 -3.557293 -3.000490 -3.274284 -3.183058 -3.202243 -3.108435 -4.222820 -3.348772 -3.590682 -4.033085 -3.848656 -3.949788 -3.256475 
-3.532560 -3.894029 -3.240787 -3.380762 -3.701672 -2.940795 -2.986536 -3.602914 -4.746750 -3.394831 -2.744183 -4.071292 -3.177821 -2.639924 -2.269909 
-2.880991 -3.291079 -3.448800 -2.867952 -4.207345 -2.180365 -3.635220 -2.800177 -4.588838 -3.407255 -2.824949 -3.444775 -4.416378 -2.475850 -3.010225 
-4.398333 -5.011931 -5.175606 -4.559542 -4.438186 -3.446311 -4.379103 -4.271104 -5.727323 -3.882403 -4.293588 -4.727840 -5.257808 -4.774843 -4.314982 
-3.181440 -3.313291 -3.683371 -3.337855 -3.250692 -3.204221 -3.816158 -3.626236 -4.657003 -2.978633 -2.346378 -4.549507 -3.302016 -2.687730 -3.184202 
-2.418462 -1.812814 -2.954220 -1.734918 -3.079923 -2.197802 -2.047096 -2.052426 -3.051301 -2.920705 -2.210774 -3.032504 -2.890849 -2.086818 -2.595114 
-4.018226 -3.612804 -3.378407 -4.008581 -2.939681 -3.661416 -2.922970 -3.607439 -5.400179 -3.554770 -3.040645 -3.764477 -3.760190 -3.516693 -2.875329 
-3.603537 -3.967877 -2.681236 -2.640893 -3.238411 -2.442369 -2.686648 -3.105021 -3.967612 -3.139501 -3.065036 -2.671826 -3.639303 -3.454163 -3.433341 
-4.542155 -4.764012 -4.565881 -3.592572 -4.177473 -3.573757 -3.472157 -3.570973 -5.438720 -4.739719 -3.751043 -3.904408 -4.423525 -3.900421 -3.761019 
-2.391226 -3.172990 -2.335612 -1.736820 -2.515902 -1.779654 -2.645277 -2.302410 -3.191978 -3.020121 -3.236158 -2.622356 -3.093325 -3.581688 -3.139095 
