15 15
-3.821789 -3.190510 -4.748345 -3.994109 -2.163039 -2.803502 -4.314737 -4.120966 -4.176923 -3.324069 -3.476477 -3.161873 -3.002528 -3.245279 -2.997713 
-3.723582 -3.373119 -2.775673 -3.029137 -1.106960 -2.766260 -3.463494 -2.761740 -2.779252 -2.485612 -2.730830 -2.773325 -2.838809 -2.199275 -2.045650 
-4.970959 -3.596383 -3.439386 -3.821361 -1.632797 -3.172540 -3.798884 -3.279396 -4.428477 -2.832429 -3.949220 -2.492356 -3.854012 -2.901216 -2.223614 
-3.498093 -3.017798 -3.192527 -2.628792 -2.525235 -2.513391 -3.540900 -3.240142 -4.390835 -4.154408 -4.115860 -2.305593 -3.563240 -3.043686 -1.485316 
-4.555212 -3.967105 -4.952491 -3.693994 -2.052575 -3.546434 -5.141273 -3.788352 -4.099340 -4.635267 -3.507940 -2.881155 -4.378557 -2.882058 -2.732880 
-3.505409 -2.824634 -2.965884 -2.882625 -1.235275 -2.317933 -3.026052 -2.790516 -3.336342 -3.532191 -3.187645 -3.028780 -3.012530 -3.658900 -1.790625 
-2.425348 -2.931022 -1.894664 -2.264719 -2.151189 -1.717933 -2.991013 -2.571439 -2.912570 -3.797481 -2.187821 -2.288994 -2.186847 -1.531008 -0.552890 
-3.316770 -2.742169 -2.453406 -2.259009 -1.773710 -2.203886 -3.226994 -2.777328 -3.209435 -3.035769 -2.911980 -1.807868 -2.807637 -1.504320 -1.563719 
-4.554559 -3.499989 -4.831780 -3.872787 -2.462328 -2.901027 -3.917646 -3.246104 -4.395750 -4.120156 -3.906680 -2.438131 -3.850170 -4.003947 -2.785907 
-3.930984 -3.016983 -3.751069 -3.038970 -1.829992 -3.119690 -4.174441 -2.808709 -4.370281 -3.895705 -3.188909 -2.517071 -2.829134 -2.510597 -1.599879 
-3.267218 -2.876964 -2.665179 -2.145036 -2.149825 -2.666832 -3.074319 -2.637697 -3.503788 -3.871190 -3.324504 -2.703010 -2.666046 -2.000837 -1.577928 
-4.590456 -3.518681 -4.240135 -3.300047 -1.788143 -2.949512 -4.076393 -2.897817 -4.991227 -4.113574 -3.355148 -2.436911 -3.775417 -3.476352 -2.526595 
-3.969132 -3.457309 -3.222890 -2.409314 -1.873332 -2.102092 -3.030051 -2.840607 -3.400883 -3.823408 -2.575063 -1.825504 -2.720762 -3.504085 -2.929868 
-4.727202 -4.032512 -4.267361 -3.552401 -1.875875 -3.290066 -4.070930 -2.941711 -4.510882 -4.184917 -3.844071 -2.259367 -3.826840 -3.304845 -2.133430 
-4.423056 -3.867656 -3.539691 -3.065933 -1.919399 -2.188885 -4.319023 -3.000678 -4.246801 -4.395632 -4.099276 -2.956765 -3.909291 -3.901102 -3.039826 
