15 15
-3.816859 -4.040041 -4.221331 -3.842387 -4.562218 -2.385927 -4.098813 -4.307608 -5.619855 -4.169538 -3.361564 -4.101570 -4.858459 -3.288802 -3.822305 
-2.427612 -3.587933 -2.659510 -2.906595 -2.788805 -2.708695 -2.612920 -2.756735 -3.694364 -3.274113 -3.005476 -3.170454 -3.421443 -3.840061 -2.751324 
-2.477628 -2.261275 -2.862770 -2.529391 -3.313205 -2.200547 -2.458681 -2.813013 -3.643387 -2.594244 -3.059481 -2.881445 -3.590458 -2.478175 -2.416538 
-3.625059 -3.314845 -4.040027 -2.683854 -4.147102 -2.704006 -3.295203 -3.393199 -4.571789 -3.909676 -3.229375 -3.365826 -4.250924 -2.885110 -3.443188 
-2.756503 -4.764881 -3.403929 -3.356060 -4.127177 -2.931996 -3.802084 -3.623363 -4.576436 -3.442012 -3.199122 -3.387530 -4.336595 -3.309144 -4.091088 
-3.221292 -2.795938 -3.619318 -3.111924 -3.320386 -3.638778 -2.079444 -3.374153 -4.719413 -3.931966 -3.539381 -3.605603 -4.079663 -3.712178 -2.491517 
-2.691601 -3.559651 -3.456940 -3.504574 -4.010215 -2.928548 -3.117951 -3.322039 -4.700852 -3.169607 -2.305415 -3.879621 -3.780378 -2.369279 -2.641123 
-2.863058 -3.194715 -3.127257 -2.589618 -4.311890 -2.409836 -2.660916 -2.978145 -4.288956 -3.372757 -2.251232 -2.990691 -4.130092 -2.046399 -2.842487 
-2.823212 -3.043365 -3.291324 -2.400818 -3.161060 -2.103908 -2.219204 -2.638991 -3.213693 -2.451113 -2.978368 -2.311070 -3.532676 -2.914905 -2.982433 
-3.808811 -2.236842 -4.012562 -3.250892 -2.992274 -2.674007 -2.829982 -3.378976 -5.043022 -3.293061 -3.032484 -4.025899 -3.439426 -2.904452 -2.521929 
-4.109679 -3.929034 -4.338577 -2.988379 -3.555050 -3.695785 -3.438163 -3.197497 -5.000520 -4.487877 -3.959047 -4.458193 -3.991467 -4.218818 -4.208353 
-4.390067 -3.528873 -4.612159 -3.537066 -3.597629 -2.671700 -3.475919 -3.680547 -5.328444 -3.998072 -3.678605 -3.728542 -4.658222 -4.122366 -4.000072 
-3.213721 -4.420699 -3.365618 -2.711170 -3.260022 -2.527715 -4.248625 -3.030970 -4.086941 -3.569201 -2.665798 -3.887814 -3.850273 -3.784861 -4.278442 
-3.285414 -3.115878 -3.707176 -3.541717 -2.697134 -3.243610 -2.632396 -3.362316 -4.330822 -3.245843 -3.228734 -3.600450 -3.215440 -3.385031 -2.075668 
-3.155513 -4.656425 -2.790291 -2.017519 -3.039051 -2.057064 -3.818707 -2.152263 -3.943216 -4.016456 -3.074300 -3.225784 -3.472477 -3.839067 -3.961570 
