15 15
-3.483596 -3.491293 -4.668299 -3.517004 -3.166180 -2.188663 -4.038865 -3.486787 -4.663111 -3.635776 -3.347075 -3.832079 -4.336664 -4.002936 -3.935795 
-2.254554 -3.493054 -2.527372 -2.529071 -2.789062 -2.376320 -2.869072 -2.786661 -3.248061 -2.744097 -3.088328 -2.856382 -3.345693 -3.449987 -2.924237 
-2.987670 -3.691244 -2.714962 -3.095635 -3.865859 -2.698716 -3.424830 -3.727788 -4.461693 -3.098336 -3.737855 -3.230492 -4.223957 -3.230952 -3.556605 
-3.010900 -3.166595 -4.283214 -2.580104 -4.127506 -2.635982 -1.872868 -2.987385 -3.891634 -3.873763 -3.284912 -2.360911 -4.521703 -3.399083 -3.083030 
-3.142064 -5.371415 -4.176850 -3.544570 -4.047689 -3.659108 -3.608389 -3.407689 -4.327907 -3.568948 -3.305918 -3.814019 -4.159532 -3.868709 -4.194149 
-2.245290 -2.738363 -3.012318 -1.961059 -2.850400 -2.263610 -2.743220 -2.691624 -3.459901 -3.291861 -2.371892 -3.371276 -3.348456 -3.089069 -3.316017 
-2.609151 -2.786988 -2.332066 -2.145839 -3.103631 -2.282227 -1.349163 -2.768463 -3.377113 -2.717218 -1.798987 -2.496889 -2.291879 -1.625702 -1.716682 
-2.541235 -3.227223 -2.816491 -2.811702 -3.016978 -1.931330 -2.780809 -2.522501 -3.747650 -2.480508 -2.499825 -2.263963 -3.831389 -2.681588 -2.897749 
-3.968122 -3.664454 -4.490888 -3.705531 -3.596842 -2.949583 -3.607727 -3.147325 -5.091808 -3.182524 -3.481347 -3.869104 -4.481900 -3.729254 -3.784689 
-3.734655 -3.243698 -3.739491 -3.005296 -2.813503 -2.919619 -3.437718 -3.081247 -4.838313 -3.408431 -2.794991 -3.677348 -3.143505 -2.771255 -2.935591 
-3.170404 -3.183692 -2.712241 -1.783514 -3.399513 -2.433402 -1.671348 -2.340148 -3.663813 -4.016706 -2.816835 -2.306974 -3.259523 -2.697605 -2.667711 
-3.748805 -3.772698 -4.178736 -3.098535 -3.603364 -2.874107 -3.340198 -2.316515 -5.110059 -4.111664 -3.368562 -3.095558 -4.762221 -3.596032 -3.912650 
-3.124445 -3.724382 -2.648374 -2.322823 -2.911106 -1.942003 -3.179438 -2.700455 -3.707455 -3.274061 -1.855332 -2.913001 -3.332408 -2.965510 -3.696438 
-3.189470 -4.107536 -3.775573 -3.755544 -3.555554 -3.272297 -3.590708 -3.319599 -5.058079 -3.618051 -3.391177 -3.657524 -4.364383 -3.512133 -3.144727 
-3.141299 -4.011904 -3.414844 -2.417099 -3.815343 -1.972842 -3.753933 -2.773043 -4.507765 -4.175944 -3.525465 -3.281516 -4.730070 -4.045184 -4.349817 
