15 15
-3.396136 -2.731867 -4.006668 -4.596379 -3.374321 -4.368068 -3.475410 -3.646314 -3.620230 -3.115919 -3.919144 -5.408616 -3.504308 -4.943000 -4.228471 
-2.356122 -2.713949 -1.774586 -4.110400 -2.558415 -3.508368 -2.422453 -2.054876 -2.975405 -2.190208 -4.120650 -4.219235 -2.804091 -4.151304 -3.740301 
-3.147823 -2.386374 -1.470982 -4.020503 -2.668566 -2.680400 -1.815839 -2.446099 -2.999083 -1.532599 -3.731095 -3.803206 -2.577822 -3.254791 -3.264760 
-3.603435 -2.530098 -3.028928 -4.010248 -4.268977 -3.478013 -2.405709 -3.372316 -2.943512 -2.870442 -3.638070 -4.588631 -3.525980 -3.580340 -3.280112 
-3.156865 -3.264091 -3.448903 -4.448082 -3.630797 -4.146160 -3.293554 -2.812538 -3.830375 -2.916552 -3.797075 -4.163362 -3.296089 -3.686847 -4.834042 
-2.857168 -2.837333 -1.910027 -4.379428 -3.558938 -4.015235 -2.112661 -3.053943 -2.785457 -2.612592 -4.092724 -4.768426 -2.836267 -4.048882 -3.305002 
-2.836750 -3.183846 -2.026438 -3.978135 -3.949925 -3.348307 -2.845087 -3.475909 -3.208382 -3.054201 -2.474284 -4.410348 -3.167008 -3.306979 -3.112547 
-2.819578 -2.435228 -2.463982 -3.315986 -2.931292 -3.571104 -2.631989 -2.735880 -3.291544 -2.399831 -2.513859 -3.905370 -3.322577 -3.684969 -2.624742 
-2.889522 -2.262644 -2.726560 -3.670888 -2.985138 -2.714070 -1.580265 -2.330089 -2.770075 -1.563921 -3.598370 -3.733865 -2.778736 -3.057337 -3.092619 
-3.514142 -2.630738 -2.579503 -3.177105 -2.735042 -4.119653 -2.048590 -2.565213 -2.874583 -2.546691 -3.040386 -4.593997 -2.744551 -4.471945 -3.074675 
-4.037343 -3.695260 -2.892519 -4.285382 -4.628928 -5.008043 -2.464784 -2.977589 -3.101996 -3.566974 -4.533340 -5.573621 -3.840113 -4.615978 -4.201715 
-4.214690 -3.263448 -3.035457 -4.504456 -3.945668 -4.020591 -2.026228 -2.795313 -3.805123 -2.853694 -3.878708 -4.718746 -3.929410 -4.582889 -4.604147 
-3.557867 -3.428327 -2.249119 -3.924492 -4.518428 -3.382423 -2.362168 -2.627330 -3.257133 -3.122015 -3.466741 -4.604544 -4.003404 -3.966706 -4.851175 
-3.132625 -2.903182 -2.321232 -3.986632 -3.291633 -3.484928 -2.259464 -2.754983 -2.964631 -2.718527 -3.649355 -4.161496 -2.926926 -3.523663 -3.074299 
-3.176311 -2.856902 -2.063613 -3.460234 -3.355587 -3.192357 -2.751894 -2.013656 -3.168950 -2.918818 -4.023550 -4.451508 -3.939166 -4.191666 -3.665968 
