15 10
4.733664 5.021866 4.757826 4.110981 4.841499 5.006915 5.853391 3.580551 3.426918 5.297303 
4.599962 6.009561 4.838349 3.768263 5.010289 3.749660 4.065244 3.471055 3.453624 3.437434 
3.948424 5.071279 2.409014 2.899606 4.189160 4.814830 4.786921 4.191853 3.007879 3.989683 
2.911351 4.517963 2.936334 3.261306 3.322758 3.807192 3.537575 3.532318 3.164099 3.699811 
4.157568 3.996656 4.483211 3.662037 3.513295 3.822701 5.430546 3.516267 3.618066 4.073997 
5.332929 5.365788 4.115797 3.478231 3.566605 4.748240 5.457978 4.839453 3.253141 4.756465 
5.076876 4.516777 4.400496 3.462628 3.805925 5.342451 5.435232 3.217292 2.950622 4.338505 
5.481346 5.792507 4.410805 3.799880 4.736784 4.474338 4.987448 3.327607 3.575926 3.951379 
4.689872 4.734629 4.205401 2.903170 4.276671 4.376437 4.998055 4.444128 4.149045 4.007663 
4.323484 4.501455 3.205005 3.643293 3.910533 3.828844 4.840036 3.930327 3.337835 4.977105 
4.090233 4.240223 4.511040 3.202555 4.141464 4.008477 4.837797 3.713387 3.305384 3.954034 
3.804620 4.124727 3.422144 2.445596 4.056172 3.825743 4.749896 3.914452 2.822561 4.039342 
3.689476 4.377902 2.940084 2.888142 3.330944 3.979221 3.978053 3.662942 2.554535 2.793551 
3.968442 4.036732 3.931171 3.267352 3.135377 3.275483 5.620636 3.427404 3.716272 4.332964 
4.517500 5.140820 3.763048 2.350685 4.097758 5.159962 5.120604 3.763573 3.703611 3.767819 
