15 15
4.489542 4.304196 4.643820 4.448766 2.646018 3.180485 4.027911 3.745308 5.309216 4.272202 4.130354 3.595320 3.765203 3.739450 2.786730 
3.701737 2.238782 3.628508 3.381394 2.093641 3.243150 3.122013 3.177143 3.942297 3.052308 3.467182 2.122041 3.416561 2.808500 2.404299 
3.410798 2.826678 3.266891 3.212733 1.669006 2.326051 2.864060 2.417607 3.342120 2.500502 2.709874 2.509516 2.994799 2.509834 1.989571 
3.621137 4.086411 3.726531 3.754900 2.580848 2.900452 4.193116 2.862876 4.641700 3.706213 3.321981 3.194115 3.611946 3.430827 1.830391 
4.245305 3.985853 3.848560 3.318022 2.121046 3.535610 4.430137 2.906827 4.983529 3.473718 4.340829 1.912217 4.479518 3.158554 2.038934 
4.541616 3.238158 3.262320 2.996412 2.952132 2.807428 3.608512 3.509278 3.739887 4.376512 3.547349 3.050090 3.882768 2.540678 2.904344 
3.347019 3.072686 3.807298 3.387679 2.580749 3.018240 3.886343 2.286126 5.238371 4.395498 3.768599 2.385759 3.887770 3.400333 1.506042 
3.600214 3.707822 3.079064 2.683006 2.296294 2.226854 3.641550 2.283473 4.543322 3.972762 3.048744 3.092661 3.556566 2.952230 1.589958 
3.553731 3.235532 2.830399 2.474767 1.294960 2.007576 3.016908 2.701336 2.900493 3.040517 2.588815 2.495196 2.555373 2.288963 1.740556 
3.610774 2.869885 3.755452 3.601444 2.692762 2.231388 3.340771 3.037376 3.671229 4.817833 3.136285 2.947962 2.852277 3.095564 2.366494 
4.623505 3.295109 4.696516 4.201405 2.479219 3.281649 5.003478 4.056973 4.379578 4.864159 4.307452 3.558976 4.542562 4.123515 3.076462 
4.576443 4.004485 4.143868 3.853045 2.681743 2.699875 3.765347 4.030970 4.304591 4.607248 3.771948 3.386166 3.110014 3.738288 3.207183 
4.921435 3.843326 4.214586 3.109164 1.767498 2.638443 4.117214 3.272210 3.650217 4.180485 2.806705 3.036964 3.712950 3.679478 2.972286 
3.415447 2.906608 4.033030 3.491198 2.597393 3.172573 3.391737 3.449051 3.603657 3.699201 2.740578 2.416741 2.982349 2.507849 2.428113 
3.986357 2.753673 3.937725 3.039337 1.619212 2.862800 4.131669 3.267854 3.704425 3.950865 3.087857 2.875675 3.460238 2.715084 2.147290 
