15 15
33.521844 37.002469 35.717254 31.008880 36.457875 27.294948 33.527156 32.527862 44.975708 33.590844 30.985524 35.863105 39.651580 32.419515 34.434489 
26.073743 28.634924 27.843830 25.383816 28.348594 21.779607 26.560829 26.378848 35.821741 25.599350 24.199588 28.732164 30.941535 24.975471 26.147634 
24.197250 26.109845 25.301357 23.123468 25.921551 20.685811 23.958157 24.075471 33.064904 23.697124 22.571885 26.684387 28.051136 22.971447 23.537158 
30.163541 32.484825 31.151354 27.374316 31.493686 24.827672 28.998787 28.558518 39.905612 29.786017 28.080392 31.874111 34.373444 29.091296 29.412241 
31.584753 34.336838 33.206515 29.575006 33.447351 26.190317 30.807363 30.743700 42.315681 31.368645 28.739827 33.592462 36.560345 30.186403 31.349198 
29.292362 31.168335 29.982848 26.953793 30.556738 23.766138 28.051747 28.242005 38.841308 28.172819 26.925599 30.663678 33.328834 27.593328 28.341303 
28.267579 29.965049 29.599423 25.846187 29.505092 23.340288 26.813607 27.030180 37.410222 27.848223 26.577800 29.803062 32.383943 27.405146 27.901814 
25.880374 28.123333 27.388345 23.106880 28.087838 20.931904 25.150539 24.736264 34.396896 26.241460 23.936590 27.243265 30.230989 24.763050 26.547860 
24.093460 26.566763 25.488201 22.723844 25.668153 20.306324 23.896376 23.836343 32.524362 24.031244 22.225787 26.422274 27.773399 23.301842 23.729541 
27.299930 29.206503 28.709955 24.786958 30.264529 21.868917 26.673678 26.440772 36.749037 27.295758 25.434529 29.052443 32.242283 25.587372 27.229888 
34.917909 37.384595 36.294523 32.008390 37.286279 28.212979 33.813554 33.492370 46.663955 34.413922 32.458336 36.924598 40.351987 33.034524 33.917847 
32.923691 34.841046 34.427678 30.646276 35.251267 27.321521 32.006880 31.944336 44.457828 32.492266 30.432839 35.645610 37.973076 30.905691 31.595295 
30.654490 32.459140 32.493198 29.410807 32.779644 26.163909 30.325645 30.171287 41.886197 30.254326 28.920742 34.142473 35.712390 29.387590 29.326174 
27.633579 29.587067 28.676669 25.889232 29.004137 22.854227 26.621818 27.067719 37.035843 27.065090 25.816390 29.479188 31.673938 26.576831 26.694656 
28.192899 30.848856 29.848816 26.806624 30.610068 23.649302 28.627251 27.566641 38.607616 28.066372 26.811365 30.929761 33.451639 27.283058 28.022763 
