15 10
4.779101 4.360506 5.783688 5.516089 4.830132 4.668921 4.764087 4.851727 4.124964 5.035812 
6.520341 3.962896 5.484818 5.815099 5.061801 3.014097 3.529578 4.395922 4.172430 4.055461 
3.693239 4.289862 4.109941 3.162765 4.032190 4.918615 3.384347 4.457979 4.636483 3.872433 
3.371666 2.864914 3.770535 3.809256 3.467389 3.465016 3.791564 4.223140 4.190091 4.599900 
4.275326 2.429936 4.155135 3.976285 3.860291 4.792926 3.135413 4.121607 4.602205 3.901539 
4.680392 4.737001 5.252848 4.971256 4.767850 4.862065 3.330949 5.603298 4.260825 5.162153 
4.458512 3.453399 5.679516 4.638400 4.470588 4.818412 4.813276 4.190666 3.192319 4.538965 
5.542637 3.031926 4.408909 5.073678 4.250411 4.236696 3.345288 4.497854 5.035662 4.164256 
4.763038 4.784746 4.666225 4.183409 4.723707 4.909655 3.600239 5.755425 3.701716 4.290643 
3.446258 2.795623 4.394827 4.422490 3.906912 3.619497 3.557586 5.294727 4.154150 5.014592 
4.632187 2.469791 4.850709 4.335737 4.855707 3.007393 2.546134 5.073630 4.153648 4.658562 
3.403236 3.945531 3.848276 4.187748 4.507782 4.144224 3.107824 4.361190 3.808028 4.395838 
3.259637 3.015698 3.249033 3.941408 3.675469 3.066733 3.816571 3.942141 3.421021 4.160140 
4.153104 2.406512 3.539669 3.377651 3.868978 4.174568 2.962107 4.628288 4.288085 3.918338 
4.819998 4.504497 3.348980 3.180587 4.574283 5.356792 3.776664 4.403295 3.970306 4.679974 
