15 15
4.104221 3.742278 5.089134 4.365671 2.653984 3.106202 4.908890 4.125677 5.253953 4.059227 3.937038 3.638609 3.962109 3.099608 2.544063 
3.429641 2.775472 3.034519 3.536901 1.748522 3.225729 3.490513 3.078044 3.737623 2.986257 3.503135 2.845693 3.024332 2.786000 2.167843 
3.842650 2.663540 2.719755 3.426837 1.396024 2.346841 2.933447 2.579266 3.924392 2.630865 3.246287 2.833000 2.745706 2.751540 1.630313 
4.038840 3.581933 4.370243 3.040918 2.474825 2.444892 4.198503 3.274417 3.955166 4.532889 3.195254 2.543923 3.990580 3.349250 2.047218 
4.184291 3.910408 4.507420 3.863796 2.246218 3.526193 4.531037 3.242182 4.351055 3.561919 3.740356 2.173276 4.278738 2.574127 2.573786 
3.711498 3.116406 3.529766 3.301926 2.469380 3.215116 3.371294 3.707836 4.021569 4.195852 3.471426 3.188075 3.400067 3.216250 2.191667 
3.374427 3.701029 3.325230 3.319783 2.718123 2.748175 3.759258 2.754816 4.767532 4.155436 3.246942 2.466401 3.170157 3.125100 1.536216 
3.382453 3.125017 2.614576 2.885834 2.425353 2.313926 4.155752 2.496809 4.424987 4.270452 3.459862 2.983181 3.845741 2.260572 0.880610 
3.697327 3.051291 3.371306 3.005535 1.510578 2.290162 2.977512 2.614684 3.060609 2.388409 3.076470 2.063475 3.164904 2.602325 1.748019 
4.393923 2.630081 3.732049 3.518202 1.778670 2.593161 3.459853 3.115523 4.168644 4.313632 3.440094 3.420680 2.491663 2.735436 2.068038 
5.035810 3.524462 4.456526 3.432136 2.436408 3.429402 4.472275 3.554549 4.025887 5.375654 4.412974 3.142523 3.931158 3.771233 3.090061 
5.457425 3.980686 4.536721 4.190634 1.852522 2.767743 3.737838 3.511721 4.380433 4.793736 3.225494 2.998295 3.458117 3.647826 2.847501 
4.955476 3.930657 4.070121 2.938763 1.831663 2.722680 3.877871 3.060776 3.631079 4.325287 2.812434 2.161249 3.468577 3.858454 3.268002 
3.865660 3.171732 4.156689 4.017480 1.876440 3.131663 3.425098 3.035927 3.668479 3.926761 3.163738 2.296442 3.009328 3.099986 1.765785 
3.627734 3.128667 3.804793 2.734008 1.656538 2.369418 4.667476 2.848648 3.699426 4.615653 3.261305 2.441657 3.719756 3.381010 2.349828 
