15 10
4.298653 3.613203 5.640461 5.161288 4.496615 4.526409 4.477784 5.687853 4.029823 5.319117 
4.556244 4.740848 5.025612 6.047616 4.995194 2.456785 3.807957 4.428201 4.509166 3.815874 
3.657358 3.608218 4.055870 2.798701 3.531286 3.762749 4.106635 4.131072 4.396597 3.252801 
2.352081 3.146622 3.292803 4.214183 3.025999 3.341266 3.653081 4.377771 3.527131 3.870369 
3.867408 2.743859 4.397712 4.476643 3.189991 3.253725 2.721321 3.237901 5.741120 4.261741 
4.507687 3.892409 5.378242 5.046504 4.002626 4.196401 4.070496 5.347715 5.030044 4.351401 
2.892866 3.820997 4.718930 4.611308 3.987040 4.079194 3.488804 5.145219 3.452190 4.144652 
4.256868 4.625463 4.288649 5.902758 3.645091 2.695629 2.952225 3.813843 5.031293 3.798854 
3.626366 4.315712 4.584755 4.496885 4.823401 3.867104 3.832511 5.233187 4.543344 4.168299 
2.408750 2.245291 3.418029 4.289606 4.013277 3.173524 3.306214 5.574318 3.909212 3.984728 
3.103321 3.943686 4.383435 5.483069 3.516397 2.933549 2.690242 3.411504 3.782446 4.415265 
3.215068 3.999458 4.808749 3.563200 4.306609 3.979666 3.748478 3.981964 4.607057 4.384573 
3.244842 2.613287 3.362088 4.156440 3.241235 3.058564 3.973382 3.842488 3.400948 3.037071 
3.948461 2.890082 4.271252 3.983112 3.621772 2.892240 2.325207 4.448696 5.023366 3.213466 
3.697340 3.730638 4.269145 4.118934 3.695735 4.739594 4.670303 5.217839 4.877352 3.887687 
