15 15
34.353074 29.281816 28.058335 38.144733 35.194075 35.366285 25.778637 28.823205 34.646056 27.415273 34.148301 43.960341 34.595278 39.234055 37.183289 
26.502337 22.489856 22.042474 29.144096 27.841717 27.291807 20.014742 22.168780 27.137777 21.438863 26.407208 34.081555 26.651599 30.711003 29.597194 
24.948394 20.770458 19.547204 26.826042 25.673396 25.188594 18.597611 20.079513 24.609648 19.550541 24.470563 31.106047 24.039114 27.807055 26.912232 
30.688195 25.679650 23.661080 33.319592 31.109157 31.167080 22.585212 24.359280 29.980215 23.684570 30.679633 38.519349 29.812251 34.139934 32.566588 
31.436023 27.055874 25.899532 35.415305 33.197283 32.706935 24.023104 26.997423 32.109847 25.702428 31.989601 41.137101 31.974461 36.340515 34.605338 
29.371484 24.641666 23.364243 31.393480 29.811169 30.030465 21.474915 23.563378 28.849190 22.699270 28.842594 36.843076 28.350656 33.303956 31.601733 
28.805993 24.562223 22.542573 31.636391 29.392405 29.477249 21.042127 23.757185 27.955781 22.516197 28.979759 36.566770 28.038023 32.092868 30.436565 
26.803211 22.898585 21.440083 29.514449 26.806521 27.704542 19.876977 22.528370 26.187536 21.114218 26.299080 33.579972 26.325018 29.926018 27.856576 
24.509434 20.717830 19.562772 26.775848 25.472000 25.089934 18.390650 19.980260 24.754482 19.527695 24.606390 31.232846 24.510120 28.006793 26.742009 
28.518821 23.685892 22.413069 30.434309 27.824574 28.949200 20.846125 23.162309 27.703571 21.972790 27.367885 34.952193 27.542380 31.917818 29.491180 
35.595299 29.599010 27.902881 38.180955 35.532277 36.244662 26.036733 28.360567 34.769508 27.482095 35.113356 44.476593 34.550983 40.217818 37.563977 
33.666454 27.989336 26.132980 36.311501 34.231301 34.142426 25.000113 27.301509 32.994443 26.333502 33.104390 42.155741 32.961111 37.745701 35.567649 
31.527355 26.228844 24.302721 34.455647 32.799823 31.625868 23.374515 25.395588 31.132943 24.749832 31.754096 40.203369 31.049992 35.295022 33.986005 
27.820209 23.429218 22.101971 30.279560 28.670851 28.577859 20.648732 22.699789 27.765902 22.051576 28.099943 35.253851 27.393225 31.565105 30.186567 
29.307350 24.213887 23.005334 32.147924 30.026527 29.592432 22.019610 23.464977 29.075813 23.018224 29.301735 36.791581 28.687331 32.458960 31.614677 
