15 10
5.386574 4.519636 3.878833 6.085097 7.279278 4.746918 4.318926 4.472778 3.757566 4.561369 
4.224788 5.045938 4.709185 4.806009 5.107041 3.724504 3.121283 2.771060 5.092484 5.604756 
3.762312 3.763967 2.703247 3.712727 3.685746 3.930214 3.591746 3.659891 3.694907 4.229900 
3.524792 3.486455 2.254760 4.424524 4.957908 3.776578 2.653399 4.172264 3.839788 3.739084 
3.418219 2.897996 4.433783 4.220762 4.512383 4.174074 4.973995 2.947023 5.488576 4.887424 
4.380952 3.179068 5.643607 4.387338 3.286982 4.536166 4.702287 5.625607 4.529312 5.582961 
4.910331 4.321769 3.657608 5.084549 5.443309 5.071442 3.775908 3.441635 3.170704 3.645980 
5.009667 5.150682 4.008598 4.528591 4.609774 4.471744 4.087649 2.551026 5.460874 5.592958 
3.617456 3.092701 5.292632 4.529862 3.995397 4.382544 3.542969 4.801846 5.206955 4.968389 
4.353453 4.171348 2.454315 5.166906 4.849010 3.344404 3.086332 4.606926 4.123733 4.403177 
3.813716 3.895120 4.898168 4.037598 4.508384 3.856992 3.924396 3.234148 4.760200 5.249358 
3.133286 2.558095 3.789804 3.563790 3.367381 3.432525 4.435370 4.409603 4.124668 4.253228 
3.792163 3.653297 2.462539 4.383270 4.461993 3.856064 2.372319 4.086312 2.786442 2.762882 
3.327583 3.281148 3.938451 3.938660 3.877419 3.946367 4.256857 3.584648 4.820502 5.804381 
4.196245 4.600961 4.473134 3.323579 3.846332 4.455120 3.703786 3.916094 4.464139 4.435108 
