15 15
32.848927 37.480062 36.081259 29.920447 34.877244 26.689896 32.402242 31.235784 44.565825 35.945224 31.008820 33.740628 40.054986 34.058908 34.822539 
25.527645 29.513165 27.859198 23.642385 26.915247 20.981568 25.213342 24.333291 34.505341 27.377795 24.216438 26.145666 30.901130 26.591969 27.001297 
22.849847 26.688869 25.334834 21.321562 25.577821 19.568161 23.541423 22.176116 31.827705 25.200957 22.360621 24.546029 28.930617 23.851231 24.780305 
28.512911 31.965170 31.960139 25.595496 31.170967 23.415202 27.623770 26.738080 38.671622 31.344732 27.572971 28.952922 35.829728 29.629674 30.571703 
30.120709 33.928105 33.105444 27.714898 31.554350 24.512028 29.325966 27.943287 41.001946 32.334958 28.328713 30.222001 36.737873 30.826421 31.539175 
28.329276 31.946522 30.922126 25.707714 30.378251 23.300701 26.958048 26.997442 38.081083 30.641181 27.176472 28.678239 34.582374 29.365865 29.575052 
26.740727 30.107116 29.314872 24.560660 29.319346 21.681661 26.560512 25.694327 36.959079 29.464770 25.447273 27.586354 33.722707 27.623201 28.778724 
25.022586 29.130223 27.766073 23.212688 27.932232 20.433319 25.071330 24.664712 34.726708 27.951741 25.018832 25.514797 32.275018 26.704015 27.267158 
23.104376 26.022475 25.530898 20.834673 24.553672 18.932243 22.235980 21.591131 31.124800 24.741974 21.864280 23.192983 28.109726 23.516508 24.344853 
26.608093 31.491437 29.171813 24.753354 29.346029 22.335984 26.043066 26.092596 36.298264 29.228526 25.703251 27.504485 33.182951 28.158402 28.571131 
32.680214 37.384481 36.325756 30.157020 35.294892 27.075274 31.297793 31.139351 44.133384 35.090613 31.379647 32.886979 40.606511 34.228520 34.910553 
31.231524 36.030681 34.216749 28.088967 34.201460 26.070977 29.836920 29.467521 42.087807 34.122326 29.884682 31.578224 38.589831 32.274177 33.207158 
28.467597 32.251939 31.758498 25.839714 31.305778 23.870890 27.487102 26.548075 38.693136 31.058830 27.003201 29.020661 35.624427 29.214981 30.509079 
26.802927 30.635319 29.279645 24.490007 28.497288 22.014918 25.999591 25.045661 36.130007 28.779460 25.239573 27.352504 32.688002 27.799331 28.479718 
26.572336 31.007336 30.231874 24.336932 29.049125 21.993355 26.499387 25.010216 35.937659 29.180745 25.927446 27.147216 33.750759 28.566962 29.534386 
