15 10
5.561507 4.296237 4.310291 7.022615 6.384395 5.345526 4.185603 4.444868 3.938894 3.967233 
5.259904 4.562542 4.577983 4.517354 4.261214 3.942785 2.926354 3.009581 5.361070 5.466125 
4.033029 3.681949 3.366302 3.546977 3.439619 3.783978 3.296373 3.622639 3.905364 3.659758 
4.034052 2.490310 2.770595 4.283234 4.226140 3.657769 3.004696 3.931811 3.923180 4.114923 
3.108899 2.362371 3.771933 3.729785 3.678823 4.767595 3.577933 3.286222 5.295759 4.432801 
4.751979 3.911040 5.839328 4.371909 3.850035 4.131415 3.769385 4.705625 4.040414 4.553764 
5.127157 3.114713 4.386240 5.955267 5.636198 5.344277 4.158265 3.475930 3.399273 3.875497 
4.794292 3.446726 3.504488 4.202679 4.027656 4.428323 3.561760 3.235572 5.921764 5.068195 
4.574529 3.761169 5.010199 4.166180 3.735813 4.454326 3.457061 4.722265 3.831185 4.127750 
3.762147 3.076691 3.555357 5.143575 3.921392 3.736441 2.879550 5.007070 3.943650 4.338635 
4.376812 2.827495 4.391104 3.976769 4.395590 3.806155 2.782492 4.264290 4.943171 5.075097 
3.994340 3.382868 3.947146 4.089759 3.632074 3.382400 3.757014 4.092332 3.634972 3.343644 
3.529250 2.639768 2.401508 4.662473 4.653562 3.557858 2.815244 3.786905 3.089982 3.674539 
3.034352 2.765284 2.951560 3.204512 3.983961 4.938450 2.489578 3.870899 4.900007 5.415100 
5.163334 4.241751 3.703782 3.236390 3.898462 3.915593 3.396022 3.688647 3.742447 4.072973 
