15 15
40.433814 34.950244 37.580455 32.387996 22.248657 28.165584 38.215409 32.360974 41.426324 38.898569 34.406013 27.689808 34.896147 31.083269 24.415567 
31.288337 27.005117 29.480155 25.160871 17.112351 22.189763 29.714958 25.122344 32.097274 30.038057 26.596953 20.816772 27.099922 24.032510 18.813105 
29.306559 25.041701 27.095901 23.057895 15.650360 20.301047 27.792261 22.212064 29.795240 27.604167 24.408984 19.541155 25.916545 22.250834 17.119752 
35.360779 30.744242 32.098562 27.995535 19.289005 24.215284 33.414837 27.739879 36.396087 33.643253 30.378191 24.629789 30.634036 27.334198 21.004724 
36.039243 31.666865 34.087640 29.051605 20.571617 25.739420 34.644139 29.200258 38.154853 35.127192 31.453850 24.278937 31.372349 28.250711 22.145773 
34.791489 29.936710 32.079500 27.960443 19.086988 24.273267 32.772675 27.814664 35.523833 33.343293 29.637500 23.875122 30.137603 26.455596 20.583881 
33.409424 28.830933 30.634655 26.794128 18.455664 22.941298 31.031187 26.148758 34.700992 31.434308 28.752477 22.783399 28.969717 26.068936 20.290736 
32.091561 27.794637 28.626350 25.072244 17.132652 22.093032 29.387166 25.070583 32.346803 29.134663 27.270825 21.387269 27.438258 23.328512 18.985274 
28.002633 24.620120 25.797101 22.087014 15.496688 19.455819 26.940066 22.194600 28.866686 27.368317 24.063334 18.996984 24.374057 21.475541 16.519157 
34.004434 28.975270 30.634451 26.257195 17.953062 23.291748 31.548545 26.636126 33.983359 32.182041 28.490781 22.743964 29.354941 25.013441 19.752832 
40.517742 35.128850 36.794124 31.755675 21.950252 27.979423 37.978041 32.085687 41.446234 38.660384 34.846517 27.139637 34.872967 30.961320 23.998510 
38.843063 33.572054 35.184191 30.120468 20.942235 26.674078 36.994168 30.495699 39.548990 37.519223 32.945278 26.655904 33.990154 29.216280 22.458545 
34.939045 30.562207 32.222242 27.804071 19.459775 24.362142 33.716841 27.356766 37.001107 33.955544 30.492840 24.137857 30.986817 27.833690 20.655915 
33.016866 28.176581 30.640199 26.064692 17.823438 22.751226 31.157551 26.254570 33.720779 31.961329 28.054959 22.398972 28.507952 25.586223 19.847925 
33.467932 28.983222 30.471460 26.312781 17.662663 23.131687 31.538315 26.303409 34.332596 31.256383 28.857612 22.656787 28.809094 26.151435 19.998706 
