15 10
4.908598 4.798466 5.189284 5.048499 3.946615 5.605523 5.720068 3.552641 3.608246 4.703166 
5.635078 5.526165 4.707148 3.479608 4.164463 3.967941 3.870315 3.709576 3.722211 3.298803 
4.219141 4.989261 3.072069 2.733856 3.943033 4.668595 4.491548 4.154601 3.218336 3.419541 
3.420612 3.521818 3.452169 3.120016 2.590990 3.688383 3.888871 3.291865 3.247491 4.075650 
3.848247 3.461031 3.821362 3.171059 2.679735 4.416222 4.034483 3.855467 3.425249 3.619373 
5.703956 6.097759 4.311518 3.462803 4.129657 4.343489 4.525076 3.919470 2.764243 3.727268 
5.293703 3.309720 5.129128 4.333346 3.998813 5.615286 5.817589 3.251586 3.179191 4.568022 
5.265971 4.088551 3.906695 3.473968 4.154666 4.430917 4.461559 4.012153 4.036817 3.426616 
5.646946 5.403097 3.922968 2.539487 4.017087 4.448219 4.912146 4.364547 2.773275 3.167024 
3.732178 3.406798 4.306047 3.619961 2.982915 4.220880 4.633253 4.330471 3.157753 4.912563 
4.653329 3.172598 4.003975 3.141726 4.028670 3.957641 3.695893 4.743530 3.488355 3.779774 
4.665674 4.949500 3.579486 2.971564 4.320864 3.775617 4.071540 3.597182 2.332865 3.129758 
3.426563 3.364373 2.879053 3.167345 3.522513 3.681015 4.420977 3.363535 2.858074 3.705208 
3.675212 3.520868 2.944280 2.533204 3.241919 4.267566 3.853357 3.713655 3.795777 3.943684 
5.484589 4.781611 2.993696 2.263496 4.149889 4.620434 4.812840 3.536126 2.981918 3.405684 
