15 10
4.428150 4.051164 5.046057 4.693698 3.613098 5.463011 5.433766 4.388767 3.513104 4.986471 
3.670981 6.304117 4.247942 3.712125 4.097856 3.410629 4.148693 3.741855 4.058948 3.059216 
4.183260 4.307617 3.017997 2.369792 3.442129 3.512729 5.213835 3.827694 2.978449 2.799909 
2.401027 3.803526 2.974437 3.524943 2.149600 3.564633 3.750389 3.446495 2.584530 3.346119 
3.440330 3.774954 4.063939 3.671417 2.009435 2.877021 3.620391 2.971760 4.564163 3.979575 
5.531251 5.253168 4.436913 3.538051 3.364433 3.677826 5.264624 3.663888 3.533462 2.916515 
3.728057 3.677318 4.168541 4.306254 3.515266 4.876068 4.493117 4.206139 3.439061 4.173708 
3.980203 5.682088 3.786435 4.303048 3.549346 2.889850 4.068497 3.328142 4.032448 3.061214 
4.510274 4.934063 3.841499 2.852964 4.116781 3.405667 5.144417 3.842309 3.614903 3.044680 
2.694670 2.856467 3.329249 3.487077 3.089280 3.774908 4.381882 4.610062 2.912814 3.882698 
3.124463 4.646492 3.536702 4.289057 2.689360 3.883798 3.840002 3.081404 3.117152 3.536477 
4.477505 5.003428 4.539958 2.347017 4.119691 3.611059 4.712194 3.217955 3.131894 3.118493 
3.411768 2.961961 2.992108 3.382377 3.088280 3.672846 4.577788 3.263882 2.838001 2.582139 
3.470569 4.004438 3.675863 3.138665 2.994713 2.985238 3.216458 3.534062 4.531058 3.238811 
4.361931 4.007752 3.913861 3.201843 3.271341 4.003236 5.706479 4.350669 3.888963 2.613397 
