15 10
5.081060 3.548934 4.167064 6.667814 6.050878 5.203014 3.899301 5.280994 3.843752 4.250538 
3.295807 5.340493 4.118777 4.749870 4.194608 3.385473 3.204732 3.041860 5.697807 5.226539 
3.997148 3.000305 3.312230 3.182912 2.938715 2.628112 4.018661 3.295732 3.665477 3.040126 
3.014467 2.772019 2.292863 4.688161 3.784750 3.534019 2.866213 4.086442 3.260219 3.385393 
2.700981 2.676294 4.014510 4.230143 3.008523 3.228394 3.163841 2.402516 6.434673 4.793003 
4.579274 3.066448 5.964722 4.447157 3.084811 3.465752 4.508933 4.450042 4.809633 3.743011 
3.561512 3.482311 3.425654 5.928175 5.152650 4.605059 2.833793 4.430483 3.659143 3.481184 
3.508523 5.040263 3.384228 5.031759 3.422336 2.887256 3.168697 2.551561 5.917396 4.702793 
3.437858 3.292135 4.928729 4.479656 3.835507 3.411774 3.689332 4.200028 4.672813 4.005406 
2.724639 2.526359 2.578559 5.010691 4.027757 3.290468 2.628178 5.286661 3.698712 3.308770 
2.847946 4.301389 3.923830 5.124100 3.056280 3.732312 2.926600 2.602164 4.571969 4.831801 
3.806171 3.436796 4.907618 3.465211 3.430901 3.217842 4.397668 3.713106 4.434001 3.332379 
3.514455 2.237356 2.514563 4.877505 4.219329 3.549689 2.972054 3.687251 3.069908 2.551470 
2.829709 3.248854 3.683143 3.809973 3.736755 3.656122 1.852678 3.691306 5.635288 4.710228 
4.040676 3.467893 4.623947 4.174737 3.019915 3.298395 4.289661 4.503191 4.649492 3.280686 
