15 15
34.111480 36.734420 36.590381 31.455494 36.199568 28.424685 31.996536 33.640409 46.610004 37.103081 32.829221 36.137128 40.451284 34.671686 33.500157 
25.177712 27.856252 27.813063 23.558619 28.318369 20.669984 24.766170 25.496931 34.949489 27.624248 24.468886 27.303218 31.210986 25.687379 25.907525 
22.827558 24.712502 25.945976 21.910771 25.277358 19.355079 22.955778 22.978362 31.897770 24.926456 22.665553 25.814436 28.473869 24.052236 23.071076 
29.989684 32.078503 32.704110 27.276961 32.044203 24.995270 28.364181 28.934773 40.473006 32.295370 28.442065 31.665873 35.667105 30.026588 29.524368 
31.346494 32.840336 33.863337 28.714099 33.145625 25.507251 29.328923 30.992456 42.398908 33.008225 29.671825 32.939522 36.827129 30.921542 30.739605 
28.325160 31.941217 31.072356 26.625056 31.563804 23.678780 28.318191 28.078741 39.356398 31.219797 27.293568 30.891396 34.857241 29.000628 29.072455 
27.685719 29.885915 30.533655 25.567486 29.432579 23.317801 27.277065 26.698211 37.739940 29.805738 26.337977 30.422134 32.856188 28.026615 27.719028 
26.248662 27.916110 28.245883 23.684837 28.200388 21.636926 23.857897 25.615140 35.454212 28.759566 24.858598 27.627479 30.817283 26.180961 25.159479 
23.902778 25.268160 26.288849 21.982931 25.705847 19.644752 22.248308 23.524260 32.400666 25.442974 22.533270 25.245311 28.474348 23.786019 23.457273 
27.251385 30.893335 29.985050 25.602811 29.656693 23.375151 27.222292 27.149914 37.650421 30.093686 26.439769 30.317492 32.973305 28.664624 28.090538 
33.244107 36.730359 36.848913 30.694508 36.831443 27.911674 32.582082 32.924727 45.385268 36.033682 31.580857 35.878209 40.467187 33.438598 34.089560 
32.822943 35.625746 36.521553 30.618708 35.600604 27.840858 31.942114 32.447168 45.025229 35.396509 31.619087 35.760770 39.864178 33.749741 33.296082 
29.476276 31.090997 33.472338 27.160201 31.989811 24.899922 29.108914 28.834906 40.009068 31.201251 28.369984 32.198551 35.940663 29.685170 30.166048 
27.140676 30.619100 29.504681 25.032880 29.326561 22.544449 27.150984 26.665417 36.965202 29.249651 25.885078 29.452460 32.487944 27.855925 28.158570 
27.858066 29.532253 30.405889 24.926843 30.951440 22.810488 26.058590 27.300875 37.662889 30.121438 26.472465 28.899887 33.935228 27.211496 27.737527 
