15 15
41.519204 34.631030 39.532642 35.434911 23.844697 29.586678 38.931483 33.649332 42.570313 40.619668 35.504844 29.254172 36.549616 31.560904 24.865376 
31.668817 26.696763 29.636373 26.815119 17.380964 21.949124 29.373079 24.614274 32.687228 30.548838 27.077228 22.480272 27.696087 24.330565 18.222415 
29.067499 23.797193 27.678867 24.936740 16.030854 20.256523 26.584157 22.324906 29.633295 28.000766 24.188621 20.620478 25.030577 22.691226 17.119423 
36.048062 30.833491 34.701364 30.846873 20.777660 25.692504 34.481531 28.825005 37.551388 35.657276 30.395050 25.971516 31.815462 28.348041 21.322991 
37.743348 32.129496 35.846284 32.269999 21.387959 26.253221 35.298800 30.147372 38.401875 37.093646 31.956103 26.637508 32.804110 29.101771 22.345062 
35.084682 29.626705 33.936889 30.172116 19.796211 25.295430 33.474065 27.564089 37.309003 34.312593 30.208408 24.799436 31.352018 27.690555 20.421538 
33.779841 28.216210 33.065117 29.059788 18.996973 23.951623 32.332220 26.681839 34.839727 33.477554 28.267184 24.141872 29.838793 27.015521 20.241194 
31.251381 26.268476 30.040013 27.352333 18.393322 22.470048 29.897159 25.582201 33.001938 31.742858 27.144211 23.278894 27.814137 24.261356 18.163932 
28.840033 24.584613 27.240470 24.581627 16.544955 20.100060 27.120722 22.888515 29.935110 28.923735 24.659926 20.727352 25.126127 22.546503 16.762346 
34.410879 28.206810 32.753718 28.984076 18.999819 24.431117 32.470097 26.903749 35.128753 33.661649 29.110908 23.787733 30.510363 26.631337 20.082216 
41.071274 35.338051 38.987808 34.682701 22.915365 28.835022 39.242947 31.868810 42.796206 40.263495 34.757425 29.164678 36.476903 32.506884 23.624007 
40.841902 34.224383 38.433651 34.287239 22.872806 28.469844 38.266496 31.652664 41.756218 40.003415 34.435441 28.451741 35.758626 31.948286 23.880745 
36.729000 31.454377 34.611581 30.634212 19.976514 24.892828 34.432592 27.937363 36.792260 35.261070 29.996279 25.967406 31.798000 29.215894 21.730984 
33.726410 28.240830 32.216070 28.311402 18.322858 23.704383 32.016885 26.274632 34.367686 32.935051 28.262146 23.237391 29.692998 26.257867 19.517792 
33.885092 29.668105 31.558477 28.428288 19.176364 23.333751 32.068460 26.465667 35.085023 32.980611 28.406066 24.805027 29.806701 26.160654 19.440726 
