15 15
33.560661 30.923667 27.896952 40.254286 36.365983 37.360074 26.046065 29.242537 34.726693 29.172336 38.010613 45.142238 34.635005 40.233811 37.761300 
25.625037 23.396632 21.683265 30.180748 26.945753 28.059954 19.588274 22.084750 26.703901 21.872421 28.040640 33.918262 26.394023 31.043476 28.881563 
23.358582 21.280765 18.884254 27.911873 25.504315 25.028593 17.946462 19.731385 24.386643 19.827153 26.055462 31.353629 24.770694 27.900130 26.850469 
29.649647 26.873939 24.142020 35.607600 32.018858 32.006841 23.153958 25.821126 30.383783 25.036154 32.909005 39.836152 30.655136 34.724578 32.934560 
30.768379 28.198684 25.803015 35.946228 33.004544 33.975117 23.399997 27.049849 31.208767 26.115256 33.457001 40.822638 31.525585 36.678975 34.048458 
28.778983 25.846063 24.009384 34.475419 30.694084 31.331451 22.684797 24.906264 30.315362 24.942096 31.838053 38.437168 30.231568 34.324608 32.386780 
27.868117 25.160997 22.518663 33.256146 30.418527 30.033923 21.465308 23.958014 28.317476 23.544967 30.621668 37.633566 29.276499 32.502748 30.719699 
25.862294 23.602049 20.960956 30.522253 27.226248 28.394140 19.777215 22.438739 26.471432 22.094767 28.931966 34.607383 26.691583 31.239746 28.202843 
23.590606 21.685496 19.423280 27.568741 25.064902 25.777982 18.111401 20.681030 24.048479 20.010717 25.481151 31.232570 24.433730 28.476876 26.131304 
27.803626 25.266430 22.802399 33.331461 30.213402 30.245694 21.744579 23.796574 29.250636 24.052784 31.050310 37.202312 29.305728 32.862879 31.535708 
33.718993 30.394098 27.960516 40.107711 35.931939 36.025585 26.299883 29.495920 34.916292 28.381717 36.519058 44.813114 34.792475 39.502036 37.556886 
33.162474 30.362414 26.988427 39.469190 35.933356 35.792894 25.856488 28.714489 34.147828 28.148743 36.155076 43.901074 34.464042 38.982313 37.415591 
30.041518 27.307188 24.338355 35.795325 32.715004 31.520152 22.925827 25.968456 30.048481 24.394900 32.192339 40.036307 30.620503 34.212776 33.417935 
27.520677 24.700613 22.896744 32.455942 29.464083 29.861004 21.318538 23.559793 28.641327 23.380820 29.905015 36.431155 28.758167 32.261133 30.786802 
27.899093 25.261944 23.003008 33.003195 29.115494 29.803836 21.427966 24.153062 28.247871 22.861381 30.171810 36.692070 27.636997 32.637970 30.739633 
