15 10
4.604167 4.583905 5.352230 4.578570 5.725016 4.070313 4.897409 4.879637 3.943636 5.629948 
5.485225 4.446292 5.616019 6.103754 5.907627 2.795816 3.724507 4.157401 3.903843 4.194092 
3.422522 4.371880 3.446886 3.328516 4.278317 5.064850 3.679720 4.495231 4.426027 4.442575 
2.862406 3.861058 3.254700 3.950546 4.199157 3.583825 3.440268 4.463593 4.106700 4.224060 
4.584646 2.965561 4.816984 4.467263 4.693851 4.199405 4.531476 3.782408 4.795022 4.356163 
4.309364 4.005029 5.057127 4.986685 4.204797 5.266815 4.263851 6.523280 4.749722 6.191350 
4.241685 4.660455 4.950884 3.767681 4.277699 4.545577 4.430919 4.156372 2.963750 4.309448 
5.758012 4.735882 4.913019 5.399590 4.832529 4.280116 3.871177 3.813308 4.574771 4.689019 
3.805964 4.116278 4.948658 4.547091 4.983291 4.837873 3.686148 5.835006 5.077486 5.131282 
4.037564 3.890280 3.293785 4.445822 4.834530 3.227460 3.764369 4.894583 4.334233 5.079134 
4.069091 3.537417 5.357774 4.396567 4.968501 3.058229 3.688038 4.043488 3.970677 4.832822 
2.542183 3.120758 3.690935 3.661779 4.243089 4.194350 3.786180 4.678461 4.297724 5.305422 
3.522550 4.029228 3.310064 3.662205 3.483900 3.364939 3.373647 4.241548 3.117481 3.248483 
4.446334 2.922376 4.526560 4.111800 3.762436 3.182485 4.729386 4.342037 4.208580 4.307619 
3.852909 4.863706 4.118332 3.267777 4.522152 5.896319 4.084428 4.630742 4.691999 5.042109 
