15 15
-4.202180 -4.601959 -3.776017 -3.925482 -4.554252 -2.460210 -3.217834 -3.927239 -5.675118 -4.382513 -3.554880 -4.058281 -4.661553 -3.928644 -4.064972 
-2.699708 -3.051243 -3.253499 -2.751088 -3.133924 -2.726116 -2.244420 -2.855834 -3.899038 -3.340164 -2.969523 -2.446802 -3.813672 -3.862561 -2.987780 
-2.045776 -2.424413 -3.409906 -2.315287 -3.586187 -2.179757 -2.389294 -2.651354 -3.061115 -2.463881 -2.523068 -2.557961 -3.839551 -2.236469 -2.775796 
-3.207356 -3.819323 -3.396315 -3.397836 -4.253125 -3.159566 -3.289816 -2.981658 -5.258323 -3.083000 -3.356102 -4.016018 -3.872290 -2.966687 -3.226361 
-2.817517 -4.840326 -2.745069 -2.810286 -4.002005 -2.941413 -3.701184 -3.288008 -5.208910 -3.353811 -3.799595 -3.126471 -4.537375 -3.893571 -3.556236 
-4.051410 -2.917690 -3.351872 -2.806410 -3.803138 -3.231090 -2.316662 -3.175595 -4.437731 -4.112626 -3.615304 -3.467618 -4.562364 -3.036606 -3.204194 
-2.664193 -2.931308 -3.939008 -3.572470 -3.872841 -3.198613 -3.245036 -2.853349 -5.171691 -3.409669 -2.827072 -3.798979 -4.497991 -2.644512 -2.610949 
-3.080819 -3.777520 -3.591745 -2.386790 -4.182831 -2.322764 -2.146714 -2.764809 -4.407291 -3.075067 -1.840114 -3.100171 -3.840917 -2.738057 -3.551835 
-2.679616 -3.227606 -2.750417 -1.870050 -2.945442 -1.821322 -2.258600 -2.725643 -3.053577 -3.103221 -2.490713 -2.742791 -2.923145 -2.601543 -2.974970 
-3.025662 -2.476646 -4.035965 -3.334134 -3.906366 -2.312234 -2.710900 -3.300829 -4.545607 -3.797262 -2.728675 -3.553181 -3.800040 -3.264580 -2.820385 
-3.697374 -3.699681 -4.578567 -3.757648 -3.597861 -3.548032 -3.969366 -3.699921 -5.354211 -3.976382 -3.853525 -4.874646 -4.602871 -4.571100 -4.194754 
-3.509085 -3.552672 -4.219306 -3.199477 -4.426850 -2.603832 -3.503428 -4.199796 -5.252602 -3.811584 -4.225059 -4.116413 -4.310119 -4.212828 -4.359754 
-3.179680 -4.333368 -3.510083 -2.881571 -3.195857 -2.443478 -4.487968 -3.242404 -4.106079 -3.424399 -2.660069 -4.763529 -4.094646 -3.605885 -3.982726 
-2.835201 -2.850754 -3.583517 -3.015435 -3.418087 -3.284520 -2.599035 -3.775440 -4.266000 -3.018283 -2.805574 -3.720749 -3.188461 -2.792894 -2.737996 
-3.514136 -4.281431 -2.923223 -2.322848 -3.001725 -2.550446 -3.282900 -2.571469 -3.948215 -3.351668 -2.900852 -3.659802 -3.212959 -3.173141 -3.759032 
