15 15
-3.213177 -2.935083 -2.964808 -4.062073 -3.330895 -3.373632 -2.051571 -2.675248 -2.872224 -2.305048 -3.189812 -4.875472 -2.577371 -4.320906 -4.302189 
-2.575710 -1.602636 -2.252080 -2.607785 -1.778984 -2.984750 -1.508991 -1.787097 -2.003668 -1.127621 -1.781945 -2.159071 -2.382675 -3.307367 -2.672738 
-3.672911 -3.012700 -2.866967 -4.062327 -3.930141 -3.797746 -2.385024 -3.092347 -2.828088 -2.176311 -3.280153 -4.015304 -3.326803 -3.524294 -4.168001 
-3.094261 -2.557518 -1.641747 -4.098610 -3.550307 -3.354626 -2.107210 -2.134757 -3.683394 -1.693599 -3.534669 -4.358365 -2.742642 -3.537988 -2.981093 
-3.206907 -2.996771 -2.577083 -3.236710 -3.328348 -3.785917 -2.915148 -2.559618 -3.758280 -2.309712 -3.339365 -3.856215 -3.473495 -4.252557 -3.488984 
-4.219125 -2.733386 -1.974894 -4.095694 -4.052327 -3.609021 -2.404381 -2.669379 -3.036351 -2.879988 -4.187720 -4.730218 -4.077634 -3.279368 -4.206393 
-3.090248 -2.392607 -2.351949 -3.324006 -3.580923 -3.744904 -2.192443 -2.067275 -3.360276 -2.584124 -3.352679 -4.636163 -3.484441 -3.941067 -2.792689 
-3.260759 -2.895028 -3.035623 -3.559817 -3.272343 -3.729199 -2.213673 -2.298091 -3.564311 -2.273562 -2.764573 -4.496772 -3.673878 -4.288339 -3.568574 
-4.060955 -3.722136 -3.372416 -4.472689 -4.713445 -4.163877 -2.637434 -3.225610 -4.331686 -3.726973 -4.601606 -6.383054 -4.442670 -5.270214 -5.125733 
-2.774952 -2.521055 -3.046255 -3.820665 -4.294755 -3.069598 -2.632144 -2.801024 -3.519184 -3.242903 -2.692988 -4.369405 -3.415330 -4.185384 -4.288977 
-2.145183 -1.941180 -2.176503 -3.587398 -2.988050 -2.821450 -2.080932 -2.983902 -2.606308 -1.979671 -2.629664 -4.346291 -3.488010 -3.556956 -2.712587 
-2.799548 -2.474562 -1.905924 -3.806832 -4.784555 -3.205814 -2.444317 -3.032221 -3.662202 -2.848243 -4.153821 -4.495667 -2.776983 -3.727730 -4.786968 
-3.501132 -2.920260 -1.884314 -3.057639 -3.143498 -2.998068 -2.158391 -2.423276 -2.503118 -2.341007 -3.039109 -4.418881 -2.761118 -3.552889 -3.792712 
-4.012912 -3.699152 -3.311851 -4.699397 -4.351366 -5.056623 -3.058662 -4.261125 -3.588212 -3.231201 -3.844907 -5.662518 -3.766917 -4.389046 -4.001869 
-3.115097 -2.307932 -1.618564 -3.011413 -2.787220 -2.985955 -1.627707 -2.031877 -2.574852 -1.659843 -3.404432 -3.619345 -2.556762 -2.656898 -3.360743 
