15 15
-3.868917 -4.053211 -4.222985 -3.600099 -3.158214 -2.262946 -3.157886 -3.106418 -4.718374 -3.848751 -3.540391 -3.788790 -4.139758 -4.642778 -4.178462 
-2.526650 -2.956364 -3.121361 -2.373564 -3.134181 -2.393741 -2.500572 -2.885760 -3.452735 -2.810148 -3.052375 -2.132730 -3.737922 -3.472487 -3.160693 
-2.555818 -3.854382 -3.262098 -2.881531 -4.138841 -2.677926 -3.355443 -3.566129 -3.879421 -2.967973 -3.201442 -2.907008 -4.473050 -2.989246 -3.915863 
-2.593197 -3.671073 -3.639502 -3.294086 -4.233529 -3.091542 -1.867481 -2.575844 -4.578168 -3.047087 -3.411639 -3.011103 -4.143069 -3.480660 -2.866203 
-3.203078 -5.446860 -3.517990 -2.998796 -3.922517 -3.668525 -3.507489 -3.072334 -4.960381 -3.480747 -3.906391 -3.552960 -4.360312 -4.453136 -3.659297 
-3.075408 -2.860115 -2.744872 -1.655545 -3.333152 -1.855922 -2.980438 -2.493066 -3.178219 -3.472521 -2.447815 -3.233291 -3.831157 -2.413497 -4.028694 
-2.581743 -2.158645 -2.814134 -2.213735 -2.966257 -2.552292 -1.476248 -2.299773 -3.847952 -2.957280 -2.320644 -2.416247 -3.009492 -1.900935 -1.686508 
-2.758996 -3.810028 -3.280979 -2.608874 -2.887919 -1.844258 -2.266607 -2.309165 -3.865985 -2.182818 -2.088707 -2.373443 -3.542214 -3.373246 -3.607097 
-3.824526 -3.848695 -3.949981 -3.174763 -3.381224 -2.666997 -3.647123 -3.233977 -4.931692 -3.834632 -2.993692 -4.300825 -3.872369 -3.415892 -3.777226 
-2.951506 -3.483502 -3.762894 -3.088538 -3.727595 -2.557846 -3.318636 -3.003100 -4.340898 -3.912632 -2.491182 -3.204630 -3.504119 -3.131383 -3.234047 
-2.758099 -2.954339 -2.952231 -2.552783 -3.442324 -2.285649 -2.202551 -2.842572 -4.017504 -3.505211 -2.711313 -2.723427 -3.870927 -3.049887 -2.654112 
-2.867823 -3.796497 -3.785883 -2.760946 -4.432585 -2.806239 -3.367707 -2.835764 -5.034217 -3.925176 -3.915016 -3.483429 -4.414118 -3.686494 -4.272332 
-3.090404 -3.637051 -2.792839 -2.493224 -2.846941 -1.857766 -3.418781 -2.911889 -3.726593 -3.129259 -1.849603 -3.788716 -3.576781 -2.786534 -3.400722 
-2.739257 -3.842412 -3.651914 -3.229262 -4.276507 -3.313207 -3.557347 -3.732723 -4.993257 -3.390491 -2.968017 -3.777823 -4.337404 -2.919996 -3.807055 
-3.499922 -3.636910 -3.547776 -2.722428 -3.778017 -2.466224 -3.218126 -3.192249 -4.512764 -3.511156 -3.352017 -3.715534 -4.470552 -3.379258 -4.147279 
