15 10
4.398126 3.509687 5.034840 5.302495 4.042966 3.933290 3.980829 5.236090 4.107980 5.381888 
4.343121 4.748883 4.812845 4.897196 4.578537 2.356597 3.807958 3.686734 4.818530 3.313339 
3.639285 4.131903 3.791729 3.393822 3.404290 3.646468 3.611699 3.861545 3.760627 3.265398 
2.962746 3.887005 4.226678 4.483331 3.565666 3.695679 4.019488 5.375290 3.831826 4.293939 
4.152211 3.217392 4.453806 5.091658 3.265470 2.604071 2.046035 3.589149 4.944501 4.554165 
3.235794 3.698982 4.721561 4.497024 4.328589 3.916709 4.044802 4.386064 4.324355 4.033012 
2.841209 4.355978 4.692581 5.202572 3.936649 4.296328 3.615589 5.250294 3.987321 4.380667 
4.752863 5.019313 4.864584 5.963605 4.799698 2.484085 3.003511 2.939583 4.134297 3.340179 
3.605513 3.939771 4.971913 4.328742 4.313191 4.062571 2.868084 4.781765 4.270451 3.891167 
1.859570 1.744699 2.475945 3.259721 2.814687 2.443176 3.251141 3.503641 2.983761 3.238232 
2.823829 3.195501 3.559612 4.063426 3.039694 3.047587 2.719917 3.593116 3.378002 3.890097 
2.483251 3.581573 4.085462 3.099764 4.101490 4.000876 4.168866 2.937718 3.220337 3.639872 
3.912837 2.746435 4.398184 5.185214 4.381867 3.999452 3.950681 5.119675 4.379240 3.909434 
4.497455 4.410757 5.912200 5.323411 4.622650 3.222120 2.332237 4.226981 5.063363 3.898125 
3.007564 2.875684 4.695656 4.611773 4.026056 3.489043 4.209273 4.847519 4.720394 3.928918 
