15 10
4.828276 3.774760 3.577358 6.767992 5.529429 4.705857 3.398308 4.226140 3.705146 3.996521 
5.195876 4.366526 4.274473 4.310057 4.563703 3.354979 2.596844 2.328982 5.224485 4.678650 
3.943908 3.914368 3.449550 3.641908 3.487753 3.878734 3.262213 3.786786 4.025274 4.072482 
4.405215 2.876992 3.089328 5.246392 4.665298 4.120644 2.987639 4.149828 3.904524 4.680148 
3.732381 3.020444 3.917296 4.429174 4.450536 4.793930 3.200412 3.603837 4.754690 4.401270 
4.217088 3.116721 4.711037 4.191983 3.826604 3.983199 3.949804 4.136097 3.711960 4.193548 
5.749723 3.272195 4.531663 5.754676 5.742823 5.989800 4.725013 4.153307 4.549904 3.676256 
4.867336 3.912165 4.122088 4.099418 4.160700 4.187539 2.836871 2.738673 5.176409 4.258402 
3.866601 2.566256 4.987485 3.285934 4.072458 2.939559 3.100890 4.285241 3.672881 3.751049 
2.617259 2.563012 3.018727 4.289040 3.376928 2.772316 2.828518 4.178529 3.921255 3.019667 
3.701792 2.479134 3.771706 3.221187 3.283013 3.425576 1.920113 3.514318 4.731733 4.112391 
4.047077 2.663644 2.771595 2.617244 3.124860 3.504348 3.915677 3.312146 3.251017 3.471050 
4.544864 3.520879 3.598025 5.827085 5.418724 4.462445 3.391681 5.144879 3.604076 4.384103 
3.978475 3.314783 4.091084 4.121605 4.512175 4.180541 2.977722 3.109200 5.437461 4.868376 
4.497473 3.306066 3.764514 3.363984 3.893247 3.991802 3.860369 3.949920 3.827831 4.272196 
