15 15
4.207110 3.752428 4.303031 4.077204 2.155073 2.877785 3.433758 3.740597 4.232186 3.537044 3.669793 3.118584 2.805622 3.885121 3.240380 
3.995678 2.836429 3.369662 2.873630 1.452079 2.783681 3.094994 2.860839 2.983926 2.551663 2.694877 2.049673 3.231038 2.221775 2.282106 
4.539107 3.759521 3.986522 3.607257 1.905779 3.151750 3.729497 3.117737 3.846205 2.702066 3.412807 2.168872 4.103105 2.659510 2.582872 
3.080390 3.522276 2.548815 3.342774 2.631258 2.968951 3.535513 2.828601 5.077369 3.327732 4.242587 2.955785 3.184606 3.125263 1.268489 
4.616226 4.042550 4.293631 3.148220 1.927403 3.555851 5.040373 3.452997 4.731814 4.547066 4.108413 2.620096 4.579337 3.466485 2.198028 
4.335527 2.946386 2.698438 2.577111 1.718027 1.910245 3.263270 2.591958 3.054660 3.712851 3.263568 2.890795 3.495231 2.983328 2.503302 
2.397940 2.302679 2.376732 2.332615 2.013815 1.987998 3.118098 2.102749 3.383409 4.037543 2.709478 2.208352 2.904460 1.806241 0.522716 
3.534531 3.324974 2.917894 2.056181 1.644651 2.116814 2.712792 2.563992 3.327770 2.738079 2.500862 1.917348 2.518462 2.195978 2.273067 
4.410963 3.684230 4.290873 3.342019 2.246710 2.618441 3.957042 3.332756 4.235634 4.772264 3.419025 2.869852 3.240639 3.690585 2.778444 
3.147835 3.256787 3.774472 3.122212 2.744084 2.757917 4.055359 2.730562 3.872866 4.399906 2.885100 2.044353 3.189748 2.870725 1.898335 
2.854913 2.647611 2.905169 2.914305 2.192636 2.519079 3.605522 3.140121 3.857479 3.359695 3.218982 3.119463 3.277450 2.353119 1.564329 
3.709474 3.542480 3.847282 2.962458 2.617364 2.881644 4.103902 3.417066 4.915385 3.927086 3.901602 2.824782 3.427314 3.566814 2.886277 
3.935091 3.369978 3.367355 2.579715 1.809167 2.017855 3.269394 3.052041 3.420021 3.678606 2.569334 2.701219 2.965135 3.325109 2.634152 
4.276989 3.767388 4.143702 3.026119 2.596828 3.330976 4.037569 3.354835 4.446060 3.957357 3.420911 2.379666 3.799861 2.712708 2.795758 
4.781679 3.492662 3.672623 3.371262 1.882073 2.682267 3.783216 3.419884 4.251800 3.730844 3.925828 3.390783 3.649773 3.235176 2.837288 
