15 10
4.513132 3.277727 3.965765 6.627334 5.413580 4.384471 2.972765 4.917114 3.774001 4.511854 
3.101033 4.904772 3.859167 4.196405 4.580391 2.837074 3.417781 2.580712 5.547512 4.558932 
3.944496 3.197928 3.819199 3.318648 2.830582 2.545877 3.750915 3.092456 3.701893 3.269894 
3.414398 3.443348 2.874801 5.272109 4.523506 3.888146 2.922199 4.860228 3.644600 3.889595 
3.156106 3.545229 3.614267 4.661022 3.481150 3.240679 2.320490 2.558573 5.973044 4.642755 
4.015642 2.285545 4.386670 4.194966 3.228628 3.484819 4.826722 4.268697 4.545556 3.588556 
4.297538 3.789814 3.466210 6.335927 4.858511 5.247499 2.935893 4.672267 4.049237 3.370266 
3.540342 5.173228 4.093572 5.355314 3.838431 2.802918 2.714756 2.027285 4.419057 4.009608 
3.434928 3.161333 5.196064 3.898514 3.992437 2.606672 2.884846 3.873680 4.053504 3.548884 
2.068892 2.329056 2.093882 4.024675 3.161348 2.776356 2.895968 4.071051 3.073973 2.241799 
2.836776 3.444187 3.239136 4.299479 2.269748 3.649155 2.412508 2.915548 4.167210 4.544179 
3.390186 2.639310 3.904933 2.791393 3.368155 3.065003 4.660559 2.540303 3.160320 3.338995 
4.206103 2.646408 3.597884 5.974136 5.201061 4.139783 3.435835 5.200513 4.072357 3.175458 
3.449496 4.341755 4.931280 4.734510 4.079264 3.148764 2.885523 3.517818 6.055238 4.440933 
3.137484 2.330633 5.036814 4.486891 3.181973 3.139507 4.768355 4.091029 4.394909 3.321735 
