15 15
32.695461 27.494801 26.236247 35.489850 33.612815 33.318423 24.121304 26.537852 32.648161 25.767216 32.500802 41.731591 32.735242 37.562844 35.475545 
24.127650 20.427924 19.749707 26.537635 25.573703 24.793689 18.520645 20.112535 24.854731 19.538420 23.957901 31.081670 24.371871 28.032742 26.981635 
29.412236 25.156627 23.848633 32.762473 31.343695 30.306736 22.415935 24.801415 29.997519 23.889376 29.811424 38.388821 29.716590 33.935932 32.553340 
28.529406 24.265816 22.830205 30.836514 29.079984 29.304971 21.005389 23.238642 27.935967 22.286514 28.123718 35.765095 27.565894 32.085100 30.614101 
33.029207 27.589777 26.216227 36.208198 34.199460 33.517339 25.023887 27.039242 33.120824 26.206424 32.958458 41.474109 32.139529 36.741236 36.003503 
27.865415 23.212029 21.610906 30.024111 27.997852 28.193144 20.328093 22.360784 27.024220 21.558514 27.387359 35.051039 27.292281 31.310481 29.007354 
21.024943 17.765070 16.543601 22.694924 20.547864 21.809895 15.391765 17.225792 20.110117 16.187027 20.517594 25.839344 20.039239 23.245285 21.506064 
23.472303 20.020562 18.983635 25.834485 23.956783 24.042259 17.540163 19.956564 23.471093 18.706761 23.008772 29.990361 23.727204 26.941170 24.933913 
32.554921 27.139883 25.204729 35.223948 32.668687 32.926699 23.737279 26.161406 31.602780 25.141436 32.300899 40.837056 31.696025 36.321006 34.134624 
27.787383 23.730154 22.234732 30.765816 28.592278 28.719008 20.620304 22.841002 27.582969 21.977146 28.091212 35.686741 27.767808 31.709576 30.011767 
25.218361 21.478976 20.810930 27.632716 25.698125 26.060039 18.831075 20.993188 25.349296 19.989418 24.679488 31.954237 25.150533 28.891844 27.331428 
32.208068 26.837010 25.100809 34.742079 32.886863 32.531100 23.789477 25.433523 31.349588 24.738955 31.759755 40.452159 30.809568 35.916921 34.678617 
27.618171 23.130964 21.517008 30.150284 28.137186 27.751593 20.124862 22.497381 27.104844 21.525923 27.516418 35.087307 27.358825 30.927836 29.202605 
31.038367 26.445583 24.792120 34.223289 31.985280 31.862862 23.128521 25.941854 30.757488 24.522550 30.973576 39.879161 30.603736 35.335557 33.341769 
32.003433 26.760230 25.329412 34.618817 32.378521 32.464093 23.673460 26.113167 31.533442 25.024633 31.303866 40.238648 31.401978 36.113714 33.903446 
