15 15
30.457093 34.312204 32.986687 27.237772 31.848030 24.582038 28.922220 28.695521 40.429611 32.463675 27.900299 30.600771 36.122962 30.894878 31.985055 
23.624348 26.827031 25.977048 21.264658 24.978365 19.552233 22.392007 21.830796 31.641593 25.449970 22.573714 23.378339 28.520867 24.072314 24.289373 
27.862087 31.129338 30.696999 25.498527 29.682606 23.161955 27.179166 25.840047 38.146135 29.986209 26.397694 28.340758 34.094619 28.084236 28.928438 
26.821673 30.408711 29.307031 24.532000 28.861337 21.413317 26.534274 26.051778 36.605374 29.129573 25.700335 27.101279 33.280998 27.787212 28.747634 
31.306362 36.267422 35.243464 28.821346 33.926545 25.891648 30.603289 29.399256 42.444970 34.121238 30.428967 31.405757 39.338556 33.104107 33.877397 
24.317511 27.866172 27.183318 22.569467 27.327878 20.727438 23.961345 23.721956 33.603707 26.558908 23.907962 25.294410 31.002277 25.340463 26.278046 
20.068780 23.244534 22.163650 18.448108 22.109761 16.253018 19.530701 19.535683 27.401690 22.198407 20.038484 20.086693 25.652567 21.605162 21.746635 
22.340354 25.165624 24.146286 19.821573 23.465213 17.733989 20.111142 21.107069 29.550400 24.010042 20.659819 21.051150 26.675294 22.479751 22.968092 
29.592192 33.703738 32.714990 26.988897 32.267008 24.422670 28.581627 28.199130 40.125311 32.230799 28.013844 30.212272 36.806244 30.723784 31.830753 
26.463586 29.627900 29.111953 23.736024 28.118336 20.965521 25.549695 24.728028 35.646909 28.882710 25.059341 26.295049 32.687942 27.394207 28.121441 
24.484538 28.088983 26.837170 22.254094 26.109425 19.776678 23.838474 23.642131 32.993904 26.777995 23.710692 24.692298 29.984835 25.728903 25.887005 
29.431482 32.927274 32.849853 26.715174 31.888933 24.142930 29.019334 27.831278 40.089924 32.197474 28.109804 30.162015 36.707915 30.363870 31.447642 
24.914448 28.258003 27.516960 22.669975 27.421248 20.756898 24.032834 23.906441 33.898306 27.288246 23.529854 25.683150 30.939244 25.635978 26.689561 
29.397196 32.767582 32.321882 26.964328 31.528599 24.150514 28.175772 27.646704 40.196471 31.947943 27.837059 29.556815 36.289852 29.924284 30.511420 
29.136793 33.520206 32.213345 26.897328 31.878739 24.468215 28.457434 28.149167 39.811590 31.662817 28.026670 29.955507 36.185709 30.189694 31.050783 
