15 10
4.713270 4.006721 4.646434 5.443153 4.158815 4.254676 4.406372 4.545115 4.039125 4.866556 
6.437964 4.210637 5.228151 5.010848 4.561849 2.874502 2.987021 3.435004 4.495503 3.433057 
3.638697 4.848343 3.422079 3.717083 4.061461 4.979325 3.122997 4.555875 4.084008 4.067986 
3.953564 3.320649 4.441205 4.457614 3.707458 3.928177 4.084929 4.664889 4.091750 5.084492 
4.728486 2.692606 4.756835 4.859809 4.234856 4.157322 2.925958 4.634413 3.726146 4.312680 
3.437240 4.530159 5.045928 4.494041 4.926565 4.415088 3.167883 4.253464 3.490758 4.638003 
4.293394 3.838358 5.758034 4.621321 4.820960 5.038630 5.404709 4.731333 4.487988 4.686657 
6.079858 3.758250 4.893100 4.707710 5.121967 3.868705 3.125626 3.650971 4.891649 3.588973 
4.037185 3.344694 4.763334 3.716161 4.393212 4.395458 3.084128 5.193327 3.889828 4.093332 
2.407937 1.978655 3.400791 3.524087 3.030266 2.439136 3.183691 3.611119 3.831042 4.016100 
3.688845 2.230449 4.092182 2.985133 4.052960 2.824008 2.227522 4.191886 3.942525 3.458309 
3.140142 3.605907 2.952125 2.925615 3.858195 4.440220 3.423984 3.709562 3.311034 3.771927 
4.251598 3.620906 4.398326 5.038163 4.599531 4.322114 3.906528 5.064041 3.910960 5.118079 
5.026433 3.383785 5.072004 4.710506 5.055561 4.253896 2.424436 3.818363 4.445586 4.325568 
4.367552 3.851117 3.423356 3.488866 4.737330 4.341338 3.301287 4.706410 4.153315 4.879379 
