15 15
38.814552 32.965589 36.431415 32.468264 21.916078 27.047726 36.489543 30.138473 40.351361 37.977295 33.255347 27.165272 34.268981 30.515046 22.814659 
30.159690 25.554626 28.078451 25.550564 16.945341 20.786932 27.754313 23.720606 30.879308 29.477157 25.730279 21.381600 25.929939 23.141365 17.569072 
34.857609 29.420717 33.109302 29.960339 19.649075 24.112258 32.138528 27.515164 35.307666 33.996145 29.282272 24.640214 29.900244 27.134481 20.777384 
33.538742 28.429535 32.461076 29.171909 19.585584 23.814714 31.973562 26.497238 36.300221 34.204605 29.188766 24.840242 29.745670 26.906369 19.488351 
39.455485 34.145171 37.493906 33.564855 22.274324 27.226358 37.503159 30.958622 41.030470 39.411388 33.244987 28.795782 34.551872 30.773241 22.606045 
30.162536 25.738377 28.486778 25.954297 17.176587 21.150577 28.331126 23.492672 31.274573 29.303324 25.527579 21.897347 26.577064 23.968505 17.611008 
25.074046 21.267881 24.455174 21.910070 14.813068 18.460478 24.525276 20.477713 27.135394 25.643230 21.966334 18.331233 22.768490 19.625859 14.340817 
28.920553 24.862235 27.282879 24.471960 16.981274 20.031146 27.649284 23.050346 30.367632 29.743856 25.259554 20.806598 25.610694 22.931344 16.984810 
37.774889 32.067584 36.146794 31.836642 21.160419 26.536366 36.067235 29.419797 38.838596 36.959479 31.633224 26.573015 33.506582 29.949135 22.308095 
33.957991 29.006976 32.261654 28.681757 19.234664 23.890456 32.354656 27.089304 35.092167 33.452455 28.802878 24.360552 29.894871 26.542138 20.047715 
30.315076 25.636690 28.786066 26.214997 17.725248 21.840805 28.703932 24.651037 32.338962 30.114451 26.698682 22.104114 27.045935 23.187375 17.610117 
37.842557 32.407045 36.437079 32.473105 21.798167 26.618415 35.491018 29.400654 39.902615 36.864185 31.844735 27.306310 33.118123 30.200380 22.687460 
31.262764 26.488565 29.835859 26.422612 17.434445 21.812380 29.734393 24.402605 31.813734 30.319429 26.119367 22.162231 27.676938 24.772490 18.638834 
37.268879 31.474142 36.112212 32.041429 21.057228 26.240924 35.151503 29.472557 38.191262 36.491495 31.300040 26.211032 32.591858 29.453494 22.454542 
36.658619 30.938661 34.775385 31.380718 20.874392 25.712517 34.329386 28.682961 38.003000 35.949362 31.202330 26.140920 32.241789 28.774420 21.522528 
