15 10
4.103874 4.365821 4.438560 4.037092 3.663705 4.491845 5.285322 3.968436 3.116317 5.040653 
3.866469 6.104564 3.609112 3.375532 3.825698 2.801588 4.223591 3.172866 4.240580 3.044649 
4.396205 4.425558 3.315003 2.689256 2.787021 3.028658 4.877552 3.260073 2.921139 2.506527 
3.400561 3.709203 3.976711 3.887161 3.012990 4.180841 4.574344 4.243852 3.465137 3.775608 
3.806894 4.443762 4.075950 4.003426 2.770117 3.522642 3.488369 3.386960 3.863606 3.097651 
4.453124 4.442036 4.456925 2.959581 4.076122 3.649953 5.206601 3.569873 3.378300 2.872124 
3.728317 4.723032 3.658181 4.727120 3.453190 5.437856 4.563183 4.508852 3.392479 4.571609 
4.408444 6.034245 3.798909 4.354022 3.507735 2.568924 3.520412 2.660260 2.883766 3.220078 
4.139062 5.337994 3.629518 3.011584 3.684669 3.916140 3.905007 3.672059 2.929827 2.394526 
2.329108 3.197786 2.044441 2.657167 2.354663 3.621822 3.973924 3.816262 1.653822 3.118328 
2.468309 3.856059 2.382514 3.288042 2.193960 3.454579 3.214572 3.024644 2.716611 3.757215 
3.454733 4.242093 3.922284 2.529672 3.980777 3.564307 5.097103 2.108080 2.391087 2.805955 
3.592056 3.360729 3.795186 4.128830 4.332648 4.604360 5.394286 3.887946 3.308555 3.689921 
4.238479 5.329670 4.415339 3.807798 3.410803 3.585028 3.338500 4.010654 4.068341 3.513299 
4.123721 4.568124 4.062082 3.381279 3.789185 3.274020 5.148115 3.526438 3.129675 3.223522 
