15 15
31.181703 34.021252 34.786814 29.316188 34.403820 26.429507 30.330901 31.018001 43.202222 33.883902 29.871055 33.817183 38.373802 31.671872 31.851001 
24.476350 26.081211 27.105225 22.773612 26.647787 19.928798 23.267463 24.552496 33.561198 26.273978 23.544974 26.038732 29.754534 24.781492 24.460696 
28.599472 29.587079 31.691426 26.688069 30.387582 23.520413 27.113709 28.451402 38.940902 30.031726 27.502069 30.675510 34.147873 28.698331 28.035246 
27.653073 29.848346 30.708902 25.870757 30.728148 22.781428 26.669317 27.171172 38.426472 30.305583 26.017738 30.106447 33.751019 27.499609 27.298000 
32.824366 34.845646 35.579850 29.555076 35.823411 26.326930 31.109534 32.014297 44.423446 34.945187 30.668594 34.426742 39.145396 31.773276 32.481729 
24.388146 25.634510 27.670975 22.754791 27.045310 20.962455 23.065135 24.376027 33.296876 26.381270 23.774812 26.529786 29.980782 24.753056 24.196565 
21.152585 23.483331 22.302144 19.083825 22.944995 17.382212 19.769406 20.508151 28.683235 23.300951 19.755941 22.163496 24.841740 21.035667 20.710716 
24.323630 25.325036 26.668395 22.232537 25.898443 20.104018 22.243298 23.730829 33.087431 25.810759 22.376408 25.583596 28.563969 23.534004 23.745700 
30.652298 33.318168 33.915837 28.309289 33.163047 26.110206 30.005861 29.918187 41.807727 33.014568 29.239726 33.321719 36.908846 30.975477 31.118087 
27.938305 30.346209 30.561602 25.344257 29.992838 23.126979 26.682479 27.127286 37.797733 30.377810 26.432972 29.552091 33.363616 28.134401 28.101723 
25.017448 27.369613 26.859192 23.000393 27.615825 20.532567 23.235665 24.863979 34.451687 27.812673 23.983707 26.246717 30.276712 25.188717 24.609217 
30.718209 32.546961 34.607139 29.064124 33.971984 25.790887 30.290790 30.281924 42.811175 33.319697 29.577454 33.621115 38.166719 30.845936 30.572339 
25.364340 27.020053 28.233866 23.337306 27.354874 21.737110 24.506240 24.730653 34.471023 27.224237 24.438707 27.557986 30.523263 25.583911 25.584604 
30.611642 32.478951 33.725512 28.541190 32.441254 25.513871 29.832876 30.054215 41.845053 32.499914 29.194811 33.232767 36.387268 30.705631 30.438706 
29.691074 31.625050 33.091511 27.867881 32.573959 25.122495 28.428847 29.654486 40.914768 32.069104 28.672839 32.315160 36.184656 30.044261 29.511585 
