15 15
36.794488 31.996686 33.973534 29.298834 20.247638 25.310435 35.043201 29.523089 37.595012 36.258951 31.420502 25.172525 31.819243 28.658757 21.845732 
28.135456 24.948298 26.423770 22.468751 15.943617 20.250294 27.586903 22.837456 29.450656 27.720651 24.216633 19.355501 24.735041 21.277538 16.546084 
33.389472 29.436805 31.646026 26.927088 19.206361 23.882267 32.595613 26.540657 35.493097 32.834473 28.968979 22.675918 29.615644 26.130299 20.092637 
33.265312 29.081810 30.331878 26.575144 18.183456 22.988493 30.858226 26.304819 33.902456 31.054237 28.399413 22.203738 28.462800 25.159362 19.938288 
38.497852 33.787357 35.509412 30.613706 21.121903 27.318131 36.791391 30.775259 40.364465 36.570122 33.716108 25.960594 33.471032 29.850910 22.974649 
30.984662 26.796347 27.814751 24.139852 16.691056 21.219548 29.101737 23.576466 31.562592 29.151693 26.397991 20.610315 27.218685 23.375506 17.894551 
25.624705 21.958057 22.693331 19.907454 13.472986 17.469629 23.220327 20.281766 25.503289 23.284658 21.730933 17.197775 21.607298 18.551447 15.202374 
26.228341 23.706835 23.754864 20.823389 15.156540 18.579549 25.249577 21.765987 27.637522 26.009410 23.312279 18.036979 22.750869 19.719532 15.324516 
36.856568 31.802163 33.465497 29.059882 20.037139 25.191385 34.609754 28.941968 37.918228 35.346997 31.725246 25.158066 32.001782 28.679587 21.862631 
32.267437 28.199283 29.602213 25.759959 17.796404 22.238078 30.181805 26.017259 33.260206 30.630811 27.715733 22.394669 27.467461 24.921113 19.706385 
30.293338 26.262503 27.767378 24.236639 16.433968 21.191558 28.314213 24.397845 30.547485 28.513804 25.675646 20.579959 25.885343 22.470829 18.000703 
36.161324 31.714345 33.493039 29.237347 20.174502 25.247521 34.396770 28.461781 37.792921 34.431946 31.156284 24.914306 31.537557 28.546916 21.767465 
30.961557 26.772050 28.239287 24.718385 17.070661 21.323501 29.374129 24.199012 32.216933 29.937360 26.860434 21.301740 27.293943 24.330630 18.183098 
35.364434 31.148115 33.099429 28.688173 20.449421 25.212511 33.892284 28.451377 37.714879 34.378647 30.984245 24.275070 31.063780 27.647139 21.431903 
36.338937 31.561223 33.196821 28.639919 19.891641 25.297248 34.479166 28.389510 37.305575 34.827970 31.093404 24.314565 31.857628 27.583009 21.212672 
