15 15
39.441258 33.240851 38.618676 32.609179 20.478103 26.616757 36.805054 29.579553 38.800319 38.877281 30.570648 26.595970 33.789214 30.339890 22.499082 
29.813660 25.496214 29.001226 24.045400 15.981974 20.015782 27.835907 22.143874 29.267172 29.621287 22.512546 19.746704 25.806664 22.772722 17.110274 
36.119716 30.593500 35.323044 29.447145 19.444176 24.553331 33.948602 27.501899 35.415699 35.877513 27.789659 24.034990 31.426860 27.833906 21.129786 
34.414561 28.997748 32.798425 27.536592 17.705325 22.928588 32.181898 26.020382 32.904884 33.748459 26.796382 22.465773 29.586621 25.760130 19.606194 
39.798372 33.565958 38.652178 32.581593 21.201189 27.201242 37.403128 29.671052 39.089713 38.895810 30.853827 26.054145 34.960057 30.167006 22.670310 
32.562807 27.388792 32.234440 27.514609 17.324954 22.239300 31.185115 24.553907 32.764176 32.813395 25.718403 22.827549 28.615813 25.488151 18.329502 
24.201225 20.773973 23.364464 20.245497 12.951078 16.582649 23.449806 18.837122 24.415888 24.220521 19.776685 16.742517 21.278813 18.805332 13.477263 
27.686866 23.895653 27.098950 23.541935 14.888170 18.905614 26.625006 20.758639 28.607564 27.855401 22.518581 19.477358 24.495652 22.491511 15.467180 
38.096490 31.912582 37.552485 32.238917 20.172451 26.127279 36.136177 28.986744 38.087225 37.768467 30.210209 26.309828 33.222221 29.626354 21.619583 
33.309458 28.126396 32.495470 27.575544 17.505873 22.690437 31.334259 25.678517 32.937429 32.698928 26.277605 22.597157 28.562972 25.837696 19.320456 
30.334931 26.095703 29.138970 24.752022 15.612437 20.279139 28.604345 22.609903 30.150821 29.661832 23.963143 20.369094 26.240254 23.660918 17.051956 
38.816557 32.573000 37.677805 30.871715 20.128432 25.898154 36.171545 29.342187 36.941150 38.006234 29.074614 25.426411 33.144502 28.823768 22.538773 
32.477653 27.030520 32.132607 27.816556 17.054607 22.236435 30.696994 24.331179 32.616656 32.001167 25.883487 22.543708 28.492249 25.776629 18.476963 
37.166213 31.657555 36.313366 30.707107 19.920636 25.196549 35.138254 28.619380 36.858733 36.792978 29.115698 25.341175 32.298167 28.998477 21.630514 
37.836068 32.124872 37.072523 31.560308 20.050338 25.690263 35.997539 28.276394 37.956122 37.730432 29.807781 25.954449 33.219791 29.522633 21.264046 
