15 15
29.449811 27.806393 25.548358 35.560687 31.740916 33.155812 23.356237 26.381586 30.586101 25.591404 31.959206 39.800383 30.977315 35.963278 33.394518 
23.318873 21.169736 19.209688 28.233230 24.383115 25.362412 18.697981 19.927557 23.319413 19.534611 25.758107 30.768593 23.242340 26.986657 25.645282 
27.658987 25.414134 22.992814 33.631384 29.555248 30.590257 22.492205 24.072152 27.659758 23.734756 29.887625 36.421135 28.034486 32.187716 30.655143 
26.122988 24.777561 23.436071 32.318434 28.581987 29.931366 21.092210 23.311544 27.728489 23.099048 29.280505 35.220162 27.327225 31.804949 30.768769 
31.205314 29.117236 26.564973 38.726193 33.190233 34.315840 25.246295 27.433445 32.185889 26.856159 34.811592 41.929199 32.085039 37.026555 35.656199 
25.116972 23.052866 20.824756 30.244149 26.202738 26.910801 19.994645 21.463223 25.533513 20.951560 26.966336 32.421574 24.569258 28.982128 28.483452 
19.943377 18.888601 17.443119 24.720141 21.142445 22.293013 15.752633 17.070007 21.076522 17.145466 22.889959 26.823872 20.147622 24.329372 23.664069 
21.079281 20.073905 18.636608 25.677988 22.178593 24.181632 17.117847 19.213881 21.902659 18.562572 23.427408 28.177672 21.621119 26.055510 23.884143 
29.436559 27.857239 25.201975 35.992059 31.404569 32.612452 23.454178 26.062258 30.605509 25.422083 32.085627 39.540103 30.406223 35.751936 33.805776 
25.511270 24.535526 22.492910 31.889897 27.818632 29.204721 20.422896 22.718836 26.643766 22.397836 28.781125 35.079869 26.896730 31.532574 29.677252 
23.889149 22.386050 20.952281 29.532649 25.869093 26.886268 19.014021 20.854175 25.250386 20.747171 27.420357 32.474637 24.808741 28.861820 27.833699 
29.166840 27.475523 25.015617 36.331561 31.812676 32.480552 23.593982 25.969373 30.161840 25.253711 32.294703 39.378320 30.355479 34.609359 33.454750 
24.991146 23.493875 21.215518 30.450583 26.565649 27.532945 19.955387 22.227132 25.898596 21.544928 27.045214 33.312086 25.665840 30.009852 28.385584 
28.665154 26.946503 24.510538 35.469598 30.975370 32.270130 23.458846 25.595814 29.562282 25.226656 31.782850 38.542417 29.682833 34.553124 32.696346 
29.311544 27.051824 24.773314 35.500534 31.032081 32.025586 23.511056 25.472170 30.240880 25.016028 31.965414 38.602135 29.566703 34.539862 33.357192 
