15 15
3.143163 3.308834 2.991107 4.835407 3.829123 3.882131 2.150970 2.958106 3.081224 2.903033 4.232158 5.497353 3.588022 4.713373 4.392673 
2.754875 1.921819 2.586563 3.677726 2.683747 3.118177 1.740584 1.676076 2.916295 1.484041 3.839647 3.188254 2.407649 3.544769 4.007281 
3.288242 2.889512 3.067679 4.609684 3.685253 3.520179 2.501826 2.810482 3.556167 2.149161 3.987356 3.890667 3.089281 3.235398 4.832326 
2.687301 3.088625 1.696629 4.671519 3.430460 3.295563 2.335973 2.907506 3.506024 2.024505 3.903378 4.689717 2.867038 3.825289 2.923376 
3.654351 3.560777 2.334298 4.092752 3.632613 3.703621 3.038109 2.378557 4.402810 2.463437 4.775394 4.917096 3.824872 4.715832 4.210023 
3.245622 2.870039 2.213119 3.545003 3.710744 3.534310 1.682547 2.647720 2.478900 2.527458 3.125990 4.331440 3.701359 3.297407 3.715421 
2.299771 2.012396 1.741123 2.589136 2.371408 3.061817 1.900160 2.183950 2.419830 2.127990 2.163507 3.028252 2.338139 2.719705 1.543881 
2.228698 2.554376 2.790905 2.687627 2.689069 3.041369 1.579284 1.706268 2.976569 1.750366 2.127902 3.606489 2.664142 3.726568 3.539577 
3.568952 3.459381 2.688599 3.870792 4.206290 3.960508 2.476828 3.218091 3.073074 3.402136 3.260990 5.212460 3.770887 4.175143 3.863470 
2.689014 2.328626 2.777819 3.803001 3.889429 3.602373 2.744204 2.711905 2.663183 3.209386 2.919524 3.902345 3.052324 3.596090 3.265171 
2.204541 1.995836 2.350703 3.593917 2.402148 3.456692 2.314085 2.407765 2.696942 2.064900 3.390397 4.106573 2.721880 4.062664 2.818120 
3.412567 3.028878 2.093697 4.862529 4.351258 3.633461 2.675707 3.116366 3.237395 2.727544 4.498462 4.994917 2.978249 3.926749 4.342474 
2.704833 3.005126 2.211334 3.167058 3.540475 3.107048 2.109508 2.899505 2.602668 2.809788 2.431692 4.698748 3.665967 3.779835 3.615911 
3.198452 3.172427 2.921317 4.095813 4.125089 4.234680 2.910621 3.144245 3.381027 2.962355 3.211444 4.347478 2.858171 3.630975 4.609194 
3.591179 3.281305 2.731339 4.198361 3.572813 4.031453 2.205026 2.892356 3.382354 2.475542 3.946537 5.098368 3.601947 4.333403 4.359687 
