15 10
4.148230 4.784933 3.979037 3.030989 4.452407 4.266439 6.115509 3.380857 2.956987 5.243530 
4.964227 5.840814 3.999560 3.528423 4.222848 3.259937 3.530905 2.855992 3.309706 3.285269 
4.201981 5.175837 2.256430 3.316655 3.115192 4.674742 4.830972 3.972437 2.663295 3.837485 
3.974498 4.063248 3.652293 3.545348 4.089481 4.402110 4.573220 3.674154 3.887923 3.893894 
4.797531 4.800408 4.651600 3.765996 4.661084 4.327502 5.792762 3.991793 3.165207 3.271311 
4.245920 4.574747 4.628298 2.832814 4.648564 4.404656 5.065226 4.409112 3.383323 4.481948 
5.040455 5.405355 4.365606 3.481792 3.828383 5.891638 5.253493 4.058686 3.361244 4.528251 
5.796625 6.266395 4.639321 3.863036 4.273032 4.146917 3.941459 2.556770 3.294307 3.964247 
4.170388 4.528154 3.602517 3.011937 3.692235 4.595625 3.985962 4.343941 3.456670 3.526143 
3.673280 4.105010 2.336483 3.178962 3.096903 3.443595 3.757619 3.518957 2.545867 3.821857 
2.813427 3.567021 3.526192 2.331819 3.195754 3.122576 3.301106 3.014078 2.402634 3.430436 
3.085391 4.334911 2.633749 2.208196 3.760632 4.120431 5.042403 2.393883 2.173954 3.297007 
3.997080 5.535795 3.420544 3.644004 4.697222 5.007954 5.262948 4.112632 2.614715 4.350788 
4.966988 5.080940 4.389697 3.970073 3.891532 3.735815 4.877861 3.706340 2.789797 4.293588 
4.328852 6.043514 3.514587 2.541382 4.145186 4.709857 4.758337 3.113504 2.752038 4.346250 
