15 10
4.442482 3.928799 4.575318 4.296392 4.831668 3.707885 4.811016 4.648511 3.948650 5.584765 
5.440879 4.485133 5.203293 5.050087 4.975687 2.814946 3.115272 3.369861 3.887657 3.553959 
3.445061 4.882182 2.733155 4.021221 3.732461 5.292553 3.565119 4.573909 3.502783 4.596357 
3.536682 4.241051 3.902260 4.141518 4.642156 3.916948 4.018364 4.805592 4.254612 4.412224 
5.142847 3.574038 5.029457 4.854227 5.156437 3.408931 4.350429 4.193983 4.246101 4.727826 
3.028590 3.831692 4.892934 4.370258 4.901031 4.671412 3.903426 5.225303 4.329378 5.642836 
4.153347 5.038300 5.400006 3.957244 4.311841 4.750111 4.305899 4.800128 3.956086 4.337309 
6.141045 5.251463 5.704996 5.472620 5.564995 4.062078 3.424558 2.836093 4.544838 4.084348 
3.636839 3.129931 4.944912 4.329095 4.320758 4.742056 2.949039 5.453647 4.797294 5.022784 
3.203742 2.651924 2.767987 3.781516 3.556926 2.264949 3.034836 3.206337 3.875805 3.941761 
3.168947 2.906463 4.703291 3.107203 4.041489 2.715584 2.806450 3.582550 3.064025 3.563318 
2.113909 3.674390 2.796928 2.778288 3.881344 4.557000 4.114167 3.223522 3.003203 4.130924 
4.317861 4.921500 4.023543 4.700388 4.746442 4.403045 3.819342 5.344361 3.685400 4.570301 
5.225963 4.162028 5.886558 5.485686 5.103379 3.372907 3.871597 3.922667 3.784819 4.678414 
3.212695 4.351074 4.148160 3.771876 4.382056 4.924881 3.819496 4.434585 4.342757 5.051646 
