15 10
4.557488 3.696839 3.506242 5.621231 6.202282 4.159065 3.802952 4.329535 3.614671 4.714730 
4.198791 4.641022 4.249615 4.349295 4.977542 3.295423 2.725095 2.263839 4.616639 4.799553 
3.750271 3.948207 2.760626 3.946046 3.158753 4.191961 3.704335 3.804820 3.444049 4.600853 
3.988334 3.797394 2.550383 4.930296 5.599996 4.109415 2.921074 4.290530 4.067386 4.007881 
4.146742 3.901875 4.189918 4.423592 5.372117 4.045539 4.624883 3.163406 5.274645 4.816416 
3.808438 2.418255 4.558042 4.068199 3.801070 4.239522 4.685347 5.107935 4.550580 5.198380 
5.609676 4.472137 4.173635 5.090599 5.233704 5.701281 3.626203 4.222102 4.018002 3.326909 
4.928523 5.405378 4.933984 4.864328 4.603727 4.380911 3.135803 1.923795 4.829598 4.753777 
3.466255 2.351493 5.169062 3.898867 4.000004 3.286157 2.965801 4.545561 4.580348 4.680502 
3.413064 3.236281 2.385924 4.546470 3.903587 2.598128 2.679663 3.773747 3.966018 2.945328 
3.181894 3.155148 4.382815 3.343257 3.271542 3.317152 2.499042 2.904982 3.853233 4.217400 
3.020844 2.732127 2.616398 2.469917 3.148010 3.621128 4.605860 2.826106 2.943186 3.830048 
4.611127 4.821473 3.223242 5.489310 5.565635 4.543376 3.304496 5.425199 3.378517 3.836325 
4.178005 4.093026 4.905637 4.896786 4.559993 3.299551 4.424883 3.213504 4.776694 5.221222 
3.342615 3.806023 4.489318 3.646994 3.537973 4.575344 4.378577 3.678094 4.017272 4.444463 
