15 10
4.419018 4.862854 4.050153 4.177750 3.779554 4.813231 5.710865 3.277461 3.047462 4.525320 
5.961312 5.566318 4.024418 3.489184 3.809009 3.319493 3.402654 2.921136 3.917552 3.164367 
4.395617 5.141998 2.945354 3.012517 3.444192 4.361515 4.388850 3.954403 3.244520 3.309114 
4.391379 3.142847 4.191238 3.861444 3.154782 4.413339 4.639785 3.533451 3.725061 4.566161 
4.383170 3.918976 4.378979 3.771578 3.739502 5.075893 4.368291 4.432223 2.645251 2.856166 
4.654570 5.273213 4.781292 2.956598 4.674099 4.148332 4.329682 3.437274 2.544703 3.477116 
5.180502 4.205413 4.723634 4.145869 4.337502 6.180157 6.352303 3.989892 3.893146 4.877598 
5.735438 4.773182 3.827426 3.098126 3.830004 3.953544 3.642526 3.371648 3.641118 3.468872 
4.570734 4.742917 3.420939 2.399003 3.764690 4.249028 4.121052 4.083621 2.549204 2.596691 
2.877475 3.431742 2.969286 2.921532 2.570243 3.617782 3.906474 3.923740 2.501103 3.896196 
3.333325 2.891007 2.915084 2.209750 3.207225 3.231000 2.722177 3.623414 3.281134 3.325427 
4.111624 4.266428 2.788946 2.355523 3.737482 4.003651 4.352221 2.879923 2.481785 2.938010 
3.930818 4.235200 3.795327 3.981779 4.550311 4.927022 5.350133 3.832312 2.840275 4.898566 
4.767457 4.302697 3.575143 3.194893 3.843714 4.616805 3.430700 3.602036 3.450564 3.940742 
5.483709 5.543557 2.789783 2.258372 4.500460 4.126315 4.240129 3.385329 2.562596 4.173983 
