15 10
4.184413 3.218125 4.017217 3.754556 2.882323 3.292951 3.591724 4.160715 3.011404 4.651908 
4.120789 3.259495 3.993437 3.867942 3.775947 2.135459 3.007263 2.942445 3.313434 2.459696 
2.718810 3.590082 2.481872 2.084922 2.803443 3.506791 2.715669 3.333570 2.600630 2.458858 
2.423745 3.075381 3.145218 2.647912 2.357443 2.133614 2.853184 3.133190 2.050034 3.264752 
3.534478 1.946159 3.237496 3.032653 2.138589 2.173622 1.742088 2.953109 3.312263 3.654078 
2.091193 2.941968 3.116657 3.466374 3.686730 3.500630 2.820899 2.962746 2.620451 3.019838 
2.418529 3.532538 3.985444 3.249955 2.983809 2.889958 2.748667 3.339227 2.512814 3.682157 
4.430475 3.909627 3.662121 4.081305 3.644703 2.056726 2.641096 2.397815 3.297975 2.743693 
2.553499 3.044334 3.489825 3.355330 3.677801 3.504017 2.287629 3.891504 2.890670 3.268870 
1.426176 1.469129 1.909549 1.955614 2.086728 1.187080 2.425928 1.755160 2.050795 2.647421 
2.341883 2.269533 2.315943 2.221324 2.258159 2.853276 2.556553 2.482569 2.235303 2.802408 
1.764729 3.152000 2.842739 2.104246 3.353722 3.675400 2.866623 2.388309 2.040651 3.180173 
3.427467 2.373785 3.239791 3.329883 3.043960 2.709599 3.022247 3.169541 2.921395 2.911315 
3.913968 2.751584 4.491376 3.404264 3.540351 2.879111 1.790168 2.991865 3.126051 2.530888 
1.834241 2.164948 2.888546 3.090473 3.092099 3.116650 2.560209 3.811200 2.982590 2.942362 
