15 10
3.854211 3.355299 4.360813 3.446411 3.104266 3.328203 3.615182 3.799830 2.628273 4.287336 
3.959023 3.023775 3.744068 4.202503 4.057527 2.252511 3.474794 3.715330 3.185639 2.951457 
3.029806 3.230166 3.090935 1.878625 2.981285 3.589112 3.001188 3.390016 3.455557 2.527479 
1.864348 2.513616 2.722012 2.556697 2.190671 2.080367 2.711318 2.676179 2.228857 3.177541 
3.416636 1.753538 3.050909 2.815636 2.050608 2.775647 2.000436 2.472164 3.900761 3.287560 
3.009968 2.913450 3.313762 3.582532 3.235587 3.745057 2.949756 4.064213 2.991105 3.249994 
2.345001 3.204687 3.353425 2.712955 2.529087 2.537416 2.328887 2.820777 1.637458 2.960427 
3.549791 2.998998 2.984817 3.745496 2.547016 2.358268 2.566824 3.133790 3.342693 2.873174 
2.595418 3.715876 3.122521 3.447513 4.225301 3.590537 2.588380 4.032300 3.001282 3.203210 
1.776264 1.921451 2.054865 2.085432 2.431747 1.482845 2.118126 3.042126 2.244477 2.792126 
2.321672 1.937372 2.506504 2.910762 2.241958 2.410906 2.417315 2.554903 2.424484 3.466476 
1.734146 2.954904 2.672280 2.389884 3.482990 3.299364 2.628695 2.649186 2.436484 3.591339 
2.900912 2.010471 2.858220 2.779550 2.568471 1.963343 3.262395 2.359905 2.307579 2.506296 
3.654300 2.131569 3.354453 2.530210 2.782140 2.395735 2.055978 3.372881 3.148515 1.905432 
2.460581 2.835381 2.408178 2.776345 2.743337 4.161775 2.968693 3.649621 2.989540 2.758677 
