15 10
4.636618 3.291029 2.887416 4.952937 4.658529 4.004808 3.036699 3.392971 2.442203 3.218757 
2.698587 3.623421 2.837233 2.904758 3.256940 3.181199 2.871569 2.328990 4.374280 4.362122 
3.369596 2.622252 2.347296 2.262837 2.388715 2.454475 2.913215 2.554676 2.724437 2.314805 
2.526734 2.139013 1.722071 3.030676 2.949421 2.273120 1.924450 2.384850 1.961946 2.692564 
2.250209 1.685973 2.667708 2.569135 1.869140 2.750316 2.442956 1.636778 4.594315 3.818822 
3.081555 2.087489 3.900242 2.983185 2.317772 3.014408 3.388193 3.166540 2.770695 2.641604 
3.013646 2.866001 2.060149 4.029822 3.694698 3.063281 1.673876 2.106041 1.844412 2.296959 
2.801446 3.413798 2.080396 2.874497 2.324261 2.549895 2.783296 1.871508 4.228796 3.777113 
2.406909 2.692299 3.466495 3.430284 3.237406 3.135208 2.445202 2.999141 3.130751 3.040317 
2.092154 2.202519 1.215395 2.806516 2.446227 1.599789 1.440090 2.754469 2.033978 2.116168 
2.066297 2.295076 2.046899 2.551794 1.781841 3.209668 2.653673 1.745563 3.214007 3.883012 
2.325250 2.392242 2.771149 2.291895 2.607282 2.537540 3.277884 2.380328 2.263429 2.539145 
3.170525 1.634540 2.010695 3.500615 3.546564 2.454468 2.261068 2.204669 1.976539 2.020695 
2.535548 2.490341 2.766344 2.357071 2.897124 3.159617 1.583449 2.615492 3.760437 3.402193 
2.803917 2.572636 2.762980 2.832148 2.067516 2.720575 2.588051 2.934973 2.761680 2.151676 
