15 10
3.983708 3.793259 3.766409 2.978821 2.220750 4.264805 4.571164 2.500744 2.111555 3.954691 
3.073760 4.587044 2.966398 1.867012 3.160189 3.206356 3.815530 3.028984 2.735421 2.194799 
3.555708 3.929565 2.053063 1.449716 2.892129 3.339092 4.108389 3.086638 2.037409 2.074587 
1.913294 3.170521 2.403646 1.867458 1.314272 2.303734 2.808625 1.744904 1.286257 2.653291 
2.989557 2.784633 2.717136 2.010410 0.870052 2.398943 2.899506 2.206023 2.723805 3.005394 
4.033532 4.274209 2.372432 2.074078 2.597395 3.226482 4.143884 2.380385 1.494524 1.815108 
3.180192 3.061008 2.803037 2.407901 2.057313 3.334290 3.333200 1.881697 1.624330 2.989483 
3.273126 4.055623 2.482603 2.145786 2.451271 2.552490 3.683095 2.648089 2.343848 2.135535 
3.479326 4.334227 2.379264 1.803591 3.518680 3.129100 3.900287 2.641422 2.072841 2.079591 
2.062184 2.532626 1.966085 1.282903 1.507750 2.084228 3.193793 2.077870 1.248080 2.690096 
2.342814 2.640178 1.659770 1.716751 1.414921 3.361154 3.567075 2.224803 1.759190 2.587688 
2.996584 3.958874 2.403489 1.173701 3.296073 2.930758 3.592410 1.885177 0.961322 2.325259 
3.067839 2.359145 2.488240 2.005487 2.415515 2.577625 3.866801 1.781299 1.744632 2.051364 
3.176408 3.245925 2.759064 1.685763 2.155081 2.488732 2.947229 2.458248 2.656207 1.930777 
3.125172 3.112495 2.052893 1.859254 2.318943 3.425417 4.004869 2.782452 2.001151 1.484387 
