15 10
4.299419 2.986165 2.948142 5.079395 4.252938 3.744132 2.583660 3.841740 2.677425 3.781874 
2.878701 3.415384 3.039758 3.167150 3.777802 2.615936 2.617086 1.836423 4.042416 3.705290 
3.024020 2.656107 2.509343 2.009748 2.229735 2.406199 2.854886 2.564481 2.541896 2.463354 
2.875397 2.631723 1.793340 3.436689 3.315283 2.326081 1.755895 2.618128 1.862808 2.860409 
2.538373 2.273997 2.397957 2.602017 2.354269 2.810230 2.016542 1.922532 4.340807 3.742668 
2.871040 1.528531 2.781766 3.164315 2.586769 3.068741 3.602820 2.845379 2.841653 2.575382 
3.874858 2.966375 2.759073 4.383309 3.905671 3.841128 2.068970 2.761200 2.574730 2.671756 
3.217953 4.063542 2.891110 3.473013 2.683435 2.375559 2.352341 1.485517 3.582734 3.413122 
2.382915 2.265895 3.713975 2.925102 3.357047 2.048119 2.304391 2.983419 2.673723 2.926587 
1.635497 2.053486 1.527486 2.720568 2.433389 1.520260 2.070755 2.322570 2.141008 1.650989 
2.354830 2.518219 1.995467 2.457378 1.488212 3.454845 2.249145 1.805001 3.024511 3.456490 
2.671664 2.209737 2.662209 1.795875 2.620388 2.739528 3.358316 1.990894 1.980634 2.879296 
3.720733 2.273758 2.439491 4.118805 3.863153 2.849930 2.507401 3.250379 2.614512 2.177339 
2.866010 2.682582 3.510456 2.815364 2.996965 2.805756 2.343454 2.282702 4.117926 3.073696 
1.964161 1.619897 3.229704 2.965591 2.248016 2.767114 3.119291 3.054709 2.657106 2.335179 
