15 10
3.942316 2.855502 3.601135 3.326819 2.440811 2.842326 3.328016 3.716000 2.960400 4.256433 
3.465967 3.081204 3.716817 3.088718 3.871337 1.809953 1.921803 1.818553 2.603013 2.379587 
2.058811 2.352994 2.161266 2.142569 2.459313 2.239253 2.097084 2.819126 2.167945 2.485820 
2.151040 2.706697 2.650574 2.477735 1.851236 2.221606 2.537293 2.481805 1.937884 2.772227 
3.350249 2.103084 3.307378 2.638928 2.222150 2.113186 1.588263 2.448424 2.786300 2.709365 
2.722957 2.299822 2.516057 2.525197 2.483679 3.143077 2.619400 2.882177 2.725379 2.377134 
2.218974 2.389766 2.367033 2.689265 2.157120 2.620918 2.108256 2.372146 1.905882 2.682257 
3.178862 2.491864 3.074032 3.525324 2.484191 2.211938 2.445019 2.727609 2.583862 2.603451 
2.242736 2.765447 3.172627 2.859287 3.662838 3.295258 2.620446 3.294222 2.776675 3.144699 
2.231470 2.381154 2.724660 2.752033 2.211661 2.575630 3.101055 2.714505 2.501900 2.994011 
3.831214 3.225420 3.514350 3.386283 3.052411 2.998591 2.550830 2.551501 2.540267 3.377806 
2.198852 2.990001 3.106781 2.367954 3.557828 3.749200 2.813352 2.884306 2.902308 3.558944 
3.700037 3.201721 4.181150 3.697331 3.261033 3.348840 3.763751 3.687471 2.957161 3.216434 
5.186662 3.440153 4.774896 4.082960 3.988724 2.079014 2.102155 2.860566 2.656219 1.942838 
1.862116 1.698648 2.969625 2.485170 2.203240 2.934646 2.202995 3.200681 2.672957 2.420979 
