15 10
3.437821 3.281480 3.043075 2.396157 2.243434 3.841600 4.302710 2.832618 2.011879 3.853267 
2.841202 4.319826 2.016644 1.804553 2.751535 1.521757 3.039385 1.627753 1.887278 1.630762 
2.824585 3.264115 1.659440 1.054213 2.390454 1.833586 2.762681 1.835073 0.844459 1.252526 
1.994261 2.789985 2.109959 2.027047 1.921301 2.784331 3.069561 1.693453 1.381334 2.339261 
2.832813 3.022663 2.368731 1.584787 1.215299 1.837510 2.451660 1.931073 2.314190 2.008602 
3.330377 2.874195 1.797596 1.661266 2.366832 2.614935 3.462406 1.896174 1.399548 1.406119 
1.684954 2.891079 1.968431 2.269230 1.577835 3.145817 2.864686 1.359984 1.360754 2.518581 
2.554469 3.419388 2.179522 1.871617 1.669783 2.383169 3.161838 2.095966 1.727329 2.331040 
2.990969 4.069779 2.358778 2.005020 3.748537 3.119061 3.389127 2.126396 1.380138 2.157750 
1.759136 3.438596 1.644090 2.243115 2.331530 3.460893 3.734019 2.315351 1.393307 2.847373 
3.080321 4.069789 1.854333 2.098891 1.483884 3.144792 3.652626 2.069784 1.756818 2.761001 
3.054754 4.214802 2.427298 1.456946 3.562718 3.284086 3.738452 2.039301 1.152493 2.450701 
3.625022 3.398442 3.094497 2.897736 3.417170 3.899628 4.831078 2.324659 2.408254 3.037797 
4.644616 4.633955 3.639404 2.382983 2.590878 2.757577 1.816951 2.593388 2.071023 1.839412 
2.391957 2.802854 1.795369 1.956288 1.870451 2.964947 2.965882 2.585614 1.427525 1.485337 
