15 10
3.890161 4.074258 3.420937 2.489153 2.503063 3.851506 4.896217 2.893061 2.019741 4.310673 
3.644137 4.615176 2.789704 2.346278 3.023108 2.580450 3.422896 2.428576 2.735483 2.191006 
3.475730 3.883737 2.005147 1.380356 2.186174 2.888980 3.981522 2.732098 1.761142 1.699986 
2.861560 2.897578 2.895251 2.051742 1.804767 2.618775 3.408040 2.001752 1.683345 2.746422 
3.189162 3.172529 2.859640 1.944421 1.643235 3.092193 3.184421 2.750919 2.231369 2.197563 
3.308523 3.685022 2.852021 1.928930 3.434263 3.233874 3.982698 2.146556 1.674396 1.858950 
3.305637 3.899593 2.951044 2.774503 2.500350 4.031485 3.696260 2.597785 1.917972 3.873099 
4.086055 4.924559 2.596447 2.471721 2.352739 2.141565 3.157997 2.118492 2.047444 2.623592 
3.087048 4.442556 2.147430 2.038172 3.049278 3.357587 3.324552 2.781799 1.550046 1.772229 
1.895714 2.922216 1.478045 1.353060 1.626705 2.365726 3.148711 2.067781 0.720857 2.527517 
1.986363 2.930091 1.138844 1.445941 1.412424 3.260268 3.051209 1.914096 1.573912 2.669526 
2.736210 3.812520 2.679560 1.534154 3.233010 3.238831 3.794860 1.558671 1.211402 2.346256 
3.106687 2.988079 2.636793 2.273498 2.994740 3.314508 4.465853 1.937812 1.850710 2.691802 
3.654993 3.670496 2.994515 1.888651 2.328504 3.242020 2.796432 2.775538 2.131029 2.146062 
2.950398 3.857388 2.254973 1.859978 2.855228 2.901626 3.499051 2.490119 1.391871 2.236966 
