15 10
4.136123 2.989066 2.591900 4.341796 3.131630 3.352297 2.240309 3.807131 2.366825 3.155539 
2.829397 3.500359 2.741696 2.731244 3.533844 2.149590 2.426093 1.461836 3.276787 2.439507 
2.626102 2.029788 2.279638 1.637952 1.554930 1.772974 2.662011 2.739690 1.715977 1.478066 
2.607873 2.431927 1.810316 2.950276 2.774994 2.355186 2.084572 2.664237 1.715062 2.255253 
2.350276 2.064802 2.455590 2.266059 1.838279 2.584876 1.818919 1.694905 3.725594 3.426154 
3.081386 2.045724 2.488209 2.392093 1.516800 2.639376 2.694612 2.367761 2.077302 1.602814 
2.556075 2.618628 1.580898 3.686247 2.997486 3.010629 1.905342 2.265483 1.602114 1.806423 
2.522902 2.802053 2.481986 2.520800 1.740860 2.769596 2.310412 2.028472 3.513981 3.257330 
2.774613 2.262916 2.955157 2.706956 2.870044 2.404633 2.755422 2.656412 2.241477 2.498893 
2.929558 2.360408 2.163808 3.524603 3.346972 3.004181 3.106431 3.289830 2.425987 1.894041 
2.863441 2.836538 2.695263 2.954803 1.910223 3.616764 2.620135 1.937060 3.571870 4.154134 
2.988811 2.644806 2.956692 2.085501 2.672536 2.649014 3.330041 2.582259 2.146962 2.580894 
4.744313 2.252757 3.052398 4.621585 4.866684 3.973699 3.195829 3.326312 2.737587 2.547787 
3.148154 3.186083 3.682221 3.176408 3.422269 2.710075 1.660395 1.838200 2.917450 2.465490 
1.724726 1.149985 2.827686 2.407006 2.073016 1.852763 2.286690 2.317202 2.319445 2.082916 
