15 10
3.835002 3.460081 3.675356 4.402794 3.400336 2.790511 3.165946 3.998697 3.578570 3.818613 
5.014545 3.389764 4.330270 4.223392 3.317609 2.117396 2.552238 2.826184 3.504920 2.913621 
2.147072 3.530308 2.935761 2.792411 2.972293 3.684069 2.442561 3.649000 3.189716 2.747894 
2.498280 2.537465 2.890078 3.011913 2.712623 1.995814 2.366235 3.464345 2.752783 3.157011 
2.971076 1.802180 3.425665 3.404588 2.442223 2.893797 2.014962 3.118039 2.856232 3.123332 
1.852719 2.893405 3.620535 3.217945 3.701613 3.100975 2.519687 3.101709 2.862370 3.403340 
3.046039 2.985107 4.492124 3.528370 3.765951 3.107047 3.485923 3.445548 2.873674 3.261645 
4.527630 3.007996 3.579587 3.796176 3.538013 2.861640 2.612721 2.485451 4.098819 2.946795 
3.083104 2.470889 3.827107 2.879923 3.106264 3.497702 2.652829 4.454846 2.981445 3.131740 
1.361955 1.209902 1.846808 2.657223 1.846914 0.968731 1.685630 2.082014 2.392967 2.901358 
2.650398 1.887639 2.800283 2.247475 3.083464 2.266680 1.906244 3.110480 2.785633 2.679142 
1.769965 2.575464 2.345026 2.414010 2.944042 3.296811 2.963044 2.567599 2.283133 2.864564 
2.829549 2.744818 2.634199 3.682846 3.365600 2.423502 2.191986 3.745355 2.811288 3.455845 
3.298450 2.501538 3.705591 3.535589 3.471134 3.162408 1.732021 2.419461 3.018702 3.238550 
2.343827 2.098278 2.414948 2.404968 3.311624 2.607822 2.466739 3.256223 2.951684 3.316990 
