15 10
3.088410 3.523436 2.701214 3.044395 2.761447 3.339160 3.876932 2.670600 2.579045 3.019972 
3.734958 4.450095 2.353477 2.160003 2.293197 1.503694 2.584360 1.511492 2.078764 2.084687 
2.252847 3.204341 2.113329 1.761702 2.559304 2.010864 2.489573 2.150503 1.433545 1.541562 
2.068796 2.252069 1.854819 2.391048 2.276481 2.646531 2.582612 2.024608 2.084083 2.231520 
2.269411 2.878684 2.556900 1.956722 1.518933 2.557685 2.724534 2.096003 1.858159 1.477856 
3.091903 2.825632 2.301474 1.412837 2.381715 2.215280 3.161194 2.035137 1.641467 1.789621 
2.312464 2.343648 2.475111 2.547645 2.359977 3.362906 3.601942 1.466305 1.721614 2.098069 
2.651624 2.517757 2.096988 1.586488 1.563093 3.188083 3.133463 2.183602 2.528173 2.534142 
3.520574 3.496334 2.696060 1.529613 3.177000 3.112746 3.754327 2.689738 1.470913 2.020620 
1.694915 3.179369 1.581349 2.944724 2.091716 3.242544 2.993721 2.642205 1.735479 3.101310 
3.388836 3.687895 2.338673 2.125042 2.309189 2.558196 3.002317 2.697695 2.307148 2.637735 
3.059990 3.638266 1.929585 1.766710 3.153038 2.905497 3.834873 2.218591 1.394975 2.135092 
3.027104 3.769475 2.488905 3.250699 3.738810 3.613531 4.000817 2.900473 2.298147 3.582327 
4.029098 4.383909 2.853619 2.514308 2.521661 3.040874 1.758804 2.020984 1.963674 2.547074 
2.901543 2.736184 1.321771 1.270783 2.089976 2.456119 2.872412 2.030637 1.396619 1.859965 
