15 10
3.950008 3.228121 2.606281 5.727633 4.770951 3.241692 2.157882 3.679722 3.244591 2.948579 
3.772457 3.545653 3.376591 3.522600 3.319464 2.597873 2.162061 1.720162 4.233902 4.159215 
2.452282 2.596333 2.963232 2.717237 2.398585 2.583477 2.581778 2.879911 3.130982 2.752390 
2.949932 2.093807 1.538200 3.800690 3.670463 2.188281 1.268946 2.949283 2.565557 2.752668 
1.974971 2.130018 2.586126 2.973952 2.657903 3.530405 2.289416 2.087462 3.884776 3.211922 
2.632566 1.479968 3.285644 2.915886 2.601652 2.669086 3.301608 2.984342 3.083572 2.958884 
4.502368 2.418944 3.265753 4.661724 4.687813 4.058217 2.806226 2.867521 2.935590 2.251244 
3.315108 3.161911 2.808576 3.187884 2.576745 3.180473 2.323966 1.573153 4.383578 3.616224 
2.912520 1.692450 4.051257 2.449695 2.785510 2.041804 2.669591 3.546761 2.764498 2.789457 
1.571276 1.794259 1.464745 3.422177 2.193575 1.301911 1.330457 2.649424 2.483180 1.904926 
2.663345 2.136325 2.479807 2.483529 2.313517 2.868249 1.598836 2.432912 3.574841 3.333224 
2.676900 1.633201 2.164496 2.105639 2.210708 2.360939 3.454737 2.170184 2.223116 2.563687 
3.122815 2.644791 1.833899 4.471768 4.184793 2.563833 1.677140 3.826193 2.504405 2.721869 
2.250492 2.432536 2.724671 2.946689 2.927748 3.089053 2.285307 1.710298 4.010577 3.781358 
2.473747 1.553227 2.756106 2.280086 2.467541 2.258286 3.025821 2.499732 2.626200 2.709807 
