15 10
4.287207 3.532985 2.545555 5.601175 5.176542 3.502368 2.610921 3.230953 3.009369 2.385462 
3.592343 3.753690 3.174066 3.260208 2.798602 3.163136 2.416544 2.212729 4.565766 4.816047 
2.797858 2.562478 2.801185 2.970326 2.557565 2.631753 2.640107 2.870106 3.313523 2.603841 
2.601269 1.601097 1.466931 3.394677 3.304601 2.135320 1.437501 2.716005 2.664695 2.584823 
1.686807 1.541994 2.855877 2.941070 2.172774 3.470491 2.715830 1.801708 4.138284 3.288076 
2.843081 2.038926 4.404120 2.734756 2.332655 2.614753 3.086981 3.305503 3.012614 3.025106 
3.641156 2.318570 2.566829 4.308237 4.476840 3.280370 2.411132 2.212362 2.205272 1.876447 
2.898601 2.512167 1.997862 2.589368 2.217571 3.354809 2.754921 1.959144 5.029640 3.980215 
2.936514 2.118854 3.803777 2.954877 2.665869 3.128893 2.810402 3.562483 3.221526 2.903187 
2.027933 1.943292 1.152654 3.508125 2.206413 1.381440 0.699792 3.081323 2.376150 2.370105 
2.374812 1.913182 2.531239 2.577945 2.607146 2.623072 2.003364 2.373474 3.764337 3.759746 
2.330486 1.815706 2.273436 2.601659 2.197602 2.158951 3.374305 2.559618 2.505911 2.223536 
2.572607 2.005573 1.405103 3.853578 3.868204 2.168371 1.430807 2.780483 1.866432 2.565225 
1.920030 2.240295 1.980559 2.488396 2.827907 3.442914 1.525302 2.043088 3.653088 4.109855 
3.313503 2.505966 2.289382 2.146643 2.287041 2.211747 2.494581 2.379996 2.730774 2.526304 
