15 10
3.504800 3.597255 4.018952 4.094649 3.622279 2.825763 3.189404 3.637812 3.195439 3.454041 
4.852779 3.154044 4.080901 4.557953 3.599189 2.234448 3.019769 3.599069 3.377125 3.405382 
2.458068 3.170392 3.544824 2.586114 3.150135 3.766390 2.728080 3.705446 4.044643 2.816515 
1.938883 1.975700 2.466872 2.920698 2.545851 1.942567 2.224369 3.007334 2.931606 3.069800 
2.853234 1.609559 3.239078 3.187571 2.354242 3.495822 2.273310 2.637094 3.444730 2.756814 
2.771494 2.864887 3.817640 3.334103 3.250470 3.345402 2.648544 4.203176 3.233024 3.633496 
2.972511 2.657256 3.860105 2.991370 3.311229 2.754505 3.066143 2.927098 1.998318 2.539915 
3.646946 2.097367 2.902283 3.460367 2.440326 3.163182 2.538449 3.221426 4.143537 3.076276 
3.125023 3.142431 3.459803 2.972106 3.653764 3.584222 2.953580 4.595642 3.092057 3.066080 
1.712043 1.662224 1.992124 2.787041 2.191933 1.264496 1.377828 3.368980 2.586649 3.046063 
2.630187 1.555478 2.990844 2.936913 3.067263 1.824310 1.767006 3.182814 2.974814 3.343210 
1.739382 2.378368 2.174567 2.699648 3.073310 2.920775 2.725116 2.828476 2.678966 3.275730 
2.302994 2.381504 2.252628 3.132513 2.890111 1.677246 2.432134 2.935719 2.197472 3.050826 
3.038782 1.881523 2.568668 2.661535 2.712923 2.679032 1.997831 2.800477 3.041166 2.613094 
2.970167 2.768711 1.934580 2.090840 2.962862 3.652947 2.875223 3.094644 2.958634 3.133305 
