15 10
3.592905 3.097458 3.259274 3.975057 2.958824 2.339886 2.902238 3.553982 3.527566 3.423138 
4.359723 3.211473 4.053650 3.444168 3.412999 1.791890 1.466778 1.702292 2.794499 2.833512 
1.487073 2.293220 2.615155 2.850058 2.628163 2.416531 1.823976 3.134556 2.757031 2.774856 
2.225575 2.168781 2.395434 2.841736 2.206416 2.083806 2.050344 2.812960 2.640633 2.664486 
2.786847 1.959105 3.495547 3.010863 2.525784 2.833361 1.861137 2.613354 2.330269 2.178619 
2.484483 2.251259 3.019935 2.276768 2.498562 2.743422 2.318188 3.021140 2.967298 2.760636 
2.846484 1.842335 2.873713 2.967680 2.939262 2.838007 2.845512 2.478467 2.266742 2.261745 
3.276017 1.590233 2.991498 3.240195 2.377501 3.016852 2.416644 2.815245 3.384706 2.806553 
2.772341 2.192002 3.509909 2.383880 3.091301 3.288943 2.985646 3.857564 2.867450 3.007569 
2.167249 2.121927 2.661919 3.453642 1.971847 2.357281 2.360757 3.041359 2.844072 3.247948 
4.139729 2.843526 3.998690 3.412434 3.877716 2.411995 1.900521 3.179412 3.090597 3.254540 
2.204088 2.413465 2.609068 2.677718 3.148148 3.370611 2.909773 3.063596 3.144790 3.243335 
3.102119 3.572754 3.575558 4.050294 3.582673 3.062743 2.933490 4.263285 2.847054 3.760964 
4.571144 3.190107 3.989111 4.214285 3.919507 2.362311 2.044008 2.288162 2.548870 2.650500 
2.371702 1.631978 2.496027 1.799665 2.422765 2.425818 2.109525 2.645704 2.642051 2.795607 
