15 10
3.786712 3.231022 2.250039 4.990034 3.649643 2.849857 1.814531 3.645113 2.933991 2.322244 
3.723153 3.630628 3.078529 3.086694 3.075506 2.131527 1.971068 1.345575 3.468273 2.893432 
2.054364 1.970014 2.733527 2.345441 1.723780 1.950252 2.388903 3.055120 2.305063 1.767102 
2.682408 1.894011 1.555176 3.314277 3.130174 2.217386 1.597623 2.995392 2.417811 2.147512 
1.786874 1.920823 2.643759 2.637994 2.141913 3.305051 2.091793 1.859835 3.269563 2.895408 
2.842912 1.997161 2.992087 2.143664 1.531683 2.239721 2.393400 2.506724 2.319221 1.986316 
3.183585 2.071197 2.087578 3.964662 3.779628 3.227718 2.642598 2.371804 1.962974 1.385911 
2.620057 1.900422 2.399452 2.235671 1.634170 3.574510 2.282037 2.116108 4.314825 3.460432 
3.304218 1.689471 3.292439 2.231549 2.298507 2.398318 3.120622 3.219754 2.332252 2.361763 
2.865337 2.101181 2.101067 4.226212 3.107158 2.785832 2.366133 3.616684 2.768159 2.147978 
3.171956 2.454644 3.179603 2.980954 2.735528 3.030168 1.969826 2.564971 4.122200 4.030868 
2.994047 2.068270 2.458979 2.395265 2.262856 2.270425 3.426462 2.761549 2.389444 2.265285 
4.146395 2.623790 2.446806 4.974548 5.188324 3.687602 2.365568 3.902126 2.627480 3.092317 
2.532636 2.936037 2.896436 3.307733 3.353052 2.993372 1.602248 1.265796 2.810101 3.173152 
2.234312 1.083315 2.354088 1.721501 2.292541 1.343935 2.193220 1.762225 2.288539 2.457544 
