15 10
3.634297 4.035215 3.424548 3.627059 2.738763 3.762365 4.145386 2.338726 2.678721 3.121396 
3.967516 4.717313 3.303231 2.222462 2.701851 3.188293 3.360505 2.912723 2.926907 2.648724 
2.983970 3.869791 2.506952 2.157205 3.060979 3.516370 3.835281 3.402068 2.626495 2.363623 
1.987829 2.632605 2.148506 2.231459 1.669452 2.165934 2.321676 2.076059 1.989006 2.545550 
2.426155 2.640654 2.905305 2.382345 1.173686 3.119118 3.172380 2.370953 2.267774 2.474648 
3.795058 4.225646 2.876310 1.825649 2.612278 2.826827 3.842672 2.519348 1.736443 2.198610 
3.807702 2.513577 3.309717 2.686316 2.839455 3.551379 4.070456 1.988018 1.985190 2.568971 
3.370281 3.153992 2.400069 1.860657 2.344581 3.357404 3.654720 2.735725 3.144692 2.338637 
4.008931 3.760782 2.716546 1.328184 2.947143 3.122785 4.265487 3.204764 2.163616 1.942461 
1.997963 2.273399 1.903344 1.984512 1.267936 1.865879 2.453495 2.404724 1.590252 2.944033 
2.651329 2.258284 2.144110 1.742902 2.240226 2.774558 2.916766 2.852714 2.309520 2.464422 
3.001820 3.382338 1.905776 1.483465 2.886393 2.552169 3.688831 2.064467 1.203804 2.009650 
2.469921 2.730178 1.882648 2.358450 2.737155 2.291528 3.036540 2.357113 1.634525 2.595894 
2.560890 2.995879 1.973279 1.817088 2.085864 2.772029 2.889082 1.885844 2.548858 2.638439 
3.634758 3.045825 1.579295 1.173749 2.538468 2.916589 3.911399 2.227475 1.970245 1.859015 
