15 10
3.540750 4.316214 3.079076 3.137391 3.021076 3.349066 4.470439 2.731043 2.586907 3.477378 
4.537893 4.745445 3.126537 2.701728 2.564770 2.562387 2.967871 2.312315 2.926969 2.644931 
2.903992 3.823963 2.459036 2.087845 2.355024 3.066258 3.708414 3.047528 2.350228 1.989022 
2.936095 2.359662 2.640111 2.415743 2.159947 2.480975 2.921091 2.332907 2.386094 2.638681 
2.625760 3.028550 3.047809 2.316356 1.946869 3.812368 3.457295 2.915849 1.775338 1.666817 
3.070049 3.636459 3.355899 1.680501 3.449146 2.834219 3.681486 2.285519 1.916315 2.242452 
3.933147 3.352162 3.457724 3.052918 3.282492 4.248574 4.433516 2.704106 2.278832 3.452587 
4.183210 4.022928 2.513913 2.186592 2.246049 2.946479 3.129622 2.206128 2.848288 2.826694 
3.616653 3.869111 2.484712 1.562765 2.477741 3.351272 3.689752 3.345141 1.640821 1.635099 
1.831493 2.662989 1.415304 2.054669 1.386891 2.147377 2.408413 2.394635 1.063029 2.781454 
2.294878 2.548197 1.623184 1.472092 2.237729 2.673672 2.400900 2.542007 2.124242 2.546260 
2.741446 3.235984 2.181847 1.843918 2.823330 2.860242 3.891281 1.737961 1.453884 2.030647 
2.508769 3.359112 2.031201 2.626461 3.316380 3.028411 3.635592 2.513626 1.740603 3.236332 
3.039475 3.420450 2.208730 2.019976 2.259287 3.525317 2.738285 2.203134 2.023680 2.853724 
3.459984 3.790718 1.781375 1.174473 3.074753 2.392798 3.405581 1.935142 1.360965 2.611594 
