15 10
3.769677 2.562359 2.622507 4.314595 3.840190 2.738467 1.986066 3.701516 2.721032 2.989519 
2.867559 3.293494 3.224461 3.164531 3.414599 2.082556 1.613701 1.465221 3.501653 2.673491 
2.094197 2.052458 2.017138 2.477968 2.039277 2.212655 2.209048 3.073822 2.012744 2.239640 
2.272965 1.868628 1.763092 3.367693 3.438732 2.332452 1.659242 3.150707 2.444874 2.233344 
2.093879 2.013965 2.550268 2.685151 2.594278 2.673232 2.496695 2.117711 3.579994 2.853493 
2.785719 1.982501 2.776170 2.315388 1.591172 2.780975 2.601166 2.971097 2.366576 2.479186 
3.037188 2.314181 2.215926 3.519992 2.831403 3.256663 2.234916 2.383124 1.568720 1.684263 
2.813542 2.692483 2.766425 2.619464 1.680241 3.728547 1.926097 1.943308 3.883399 3.562988 
2.803812 1.631010 3.510391 2.824897 2.682564 2.625341 2.617526 3.013394 3.103181 2.823434 
3.595606 1.883022 2.078367 4.240432 3.197843 2.997709 3.125063 3.230561 3.145119 2.334620 
2.941064 2.553176 3.383719 2.324795 2.033910 2.981253 2.170677 2.300671 3.786211 3.616271 
2.548359 2.018111 2.381062 2.109039 2.343273 2.559791 3.365871 2.775352 2.241806 2.336687 
4.379529 2.912568 2.912364 4.799023 4.664424 4.168051 2.453079 4.171358 2.429850 2.700377 
2.895467 2.948118 3.494556 3.745322 2.899382 2.223821 2.271069 1.887141 2.719675 2.907295 
1.666598 1.705157 3.081995 1.929924 2.235954 2.112088 1.809121 1.651729 2.456042 2.302292 
