15 10
3.487765 2.928592 4.391420 3.419210 3.812826 2.714373 3.360939 3.694215 2.982480 4.121316 
3.997185 2.816910 4.226833 4.635790 3.938282 2.185477 2.662402 3.718715 3.410505 3.185441 
2.497901 3.252836 2.828435 2.718641 3.465632 4.028793 2.548225 3.724148 3.752324 3.289053 
1.529440 1.950317 2.674788 2.974114 2.854409 2.057633 2.285988 3.162649 2.958669 3.155632 
3.160239 1.702701 3.145587 3.234728 2.806607 2.864003 2.678212 2.894970 3.755161 2.714899 
2.714301 2.850227 3.601723 3.505827 3.309959 3.886656 2.856310 4.667549 3.280379 4.126366 
2.826114 2.900240 3.988453 2.546700 2.363004 2.783450 2.658461 2.938418 1.604064 2.838267 
3.840431 2.889428 3.269256 3.844160 2.486397 3.317219 2.182509 3.048626 3.712111 3.178832 
2.624617 3.083970 3.677755 3.565454 4.037821 3.811245 2.450484 4.389282 3.862986 3.527751 
2.442312 1.444065 1.969424 2.801261 2.282618 1.476373 2.136758 2.982857 2.963609 3.232705 
2.399295 1.654010 3.194960 2.280754 2.365645 1.775395 1.967857 2.918514 2.638825 2.928613 
1.293694 2.328209 2.096650 2.413422 3.153727 3.210141 2.664525 2.842279 2.531328 3.347132 
2.536128 2.670282 2.718186 2.956988 2.366211 2.157695 2.519645 3.204951 1.999842 2.658886 
3.401613 1.893604 3.166788 3.099124 2.259253 1.909481 2.666652 3.421822 2.950740 2.347237 
2.402453 3.390553 2.662487 2.299263 2.906275 4.421100 2.491124 2.984148 3.126137 2.978053 
