15 10
3.575870 2.428795 3.631742 3.299618 3.149371 2.228496 3.073773 3.610385 3.314607 4.090413 
3.504129 2.874339 4.199582 3.522005 3.752092 1.742919 1.109411 1.821938 2.827879 2.613571 
1.526906 2.375664 1.898766 2.982585 2.943660 2.678934 1.644121 3.153258 2.464712 3.247394 
1.816132 2.143398 2.603350 2.895152 2.514974 2.198872 2.111963 2.968275 2.667696 2.750318 
3.093852 2.052247 3.402056 3.058020 2.978149 2.201542 2.266039 2.871230 2.640700 2.136704 
2.427290 2.236599 2.804018 2.448492 2.558051 3.284676 2.525954 3.485513 3.014653 3.253506 
2.700087 2.085319 3.002061 2.523010 1.991037 2.866952 2.437830 2.489787 1.872488 2.560097 
3.469502 2.382294 3.358471 3.623988 2.423572 3.170889 2.060704 2.642445 2.953280 2.909109 
2.271935 2.133541 3.727861 2.977228 3.475358 3.515966 2.482550 3.651204 3.638379 3.469240 
2.897518 1.903768 2.639219 3.467862 2.062532 2.569158 3.119687 2.655236 3.221032 3.434590 
3.908837 2.942058 4.202806 2.756275 3.176098 2.363080 2.101372 2.915112 2.754608 2.839943 
1.758400 2.363306 2.531151 2.391492 3.228565 3.659977 2.849182 3.077399 2.997152 3.314737 
3.335253 3.861532 4.041116 3.874769 3.058773 3.543192 3.021001 4.532517 2.649424 3.369024 
4.933975 3.202188 4.587231 4.651874 3.465837 1.592760 2.712829 2.909507 2.458444 2.384643 
1.803988 2.253820 3.223934 2.008088 2.366178 3.193971 1.725426 2.535208 2.809554 2.640355 
