15 10
4.270172 2.864322 2.918023 4.925736 5.367089 3.390978 2.782456 3.287356 2.796410 3.052737 
2.736749 3.416556 3.319998 3.338045 3.137695 3.114165 2.059177 2.332375 4.599146 4.596106 
2.837691 2.644922 2.084796 3.102853 2.873062 2.894156 2.460252 2.888808 3.021204 3.076379 
2.191826 1.575714 1.674847 3.448093 3.613159 2.250386 1.499120 2.871320 2.691758 2.670655 
1.993812 1.635136 2.762386 2.988227 2.625139 2.838672 3.120732 2.059584 4.448715 3.246161 
2.785888 2.024266 4.188203 2.906480 2.392144 3.156007 3.294747 3.769876 3.059969 3.517976 
3.494759 2.561554 2.695177 3.863567 3.528615 3.309315 2.003450 2.223682 1.811018 2.174799 
3.092086 3.304228 2.364835 2.973161 2.263642 3.508846 2.398981 1.786344 4.598214 4.082771 
2.436108 2.060393 4.021729 3.548225 3.049926 3.355916 2.307306 3.356123 3.992455 3.364858 
2.758202 1.725133 1.129954 3.522345 2.297098 1.593317 1.458722 2.695200 2.753110 2.556747 
2.143920 2.011714 2.735355 1.921786 1.905528 2.574157 2.204215 2.109174 3.428348 3.345149 
1.884798 1.765547 2.195519 2.315433 2.278019 2.448317 3.313714 2.573421 2.358273 2.294938 
2.805741 2.294351 1.870661 3.678053 3.344304 2.648820 1.518318 3.049715 1.668802 2.173285 
2.282861 2.252376 2.578679 2.925985 2.374237 2.673363 2.194123 2.664433 3.562662 3.843998 
2.745789 3.127808 3.017289 2.355066 2.230454 2.979900 2.110482 2.269500 2.898277 2.371052 
