15 10
3.617262 3.366552 3.797016 2.951620 2.929310 3.650975 4.316921 2.395129 2.465762 3.788671 
3.111922 4.380179 3.449163 2.300299 3.040944 3.139322 3.003138 3.032369 2.960287 2.428783 
3.023803 3.952235 1.790563 2.289732 3.376476 3.778773 3.655426 3.420770 2.334176 2.836161 
1.578386 2.607222 2.356422 2.284875 1.978010 2.281000 2.383295 2.231374 2.016069 2.631382 
2.733160 2.733796 2.811814 2.429502 1.626051 2.487299 3.577282 2.628829 2.578205 2.432733 
3.737865 4.210986 2.660393 1.997373 2.671767 3.368081 4.050438 2.983721 1.783798 2.691480 
3.661305 2.756561 3.438065 2.241646 1.891230 3.580324 3.662774 1.999338 1.590936 2.867323 
3.563766 3.946053 2.767042 2.244450 2.390652 3.511441 3.298780 2.562925 2.713266 2.441193 
3.508525 3.702321 2.934498 1.921532 3.331200 3.349808 3.762391 2.998404 2.934545 2.404132 
2.728232 2.055240 1.880644 1.998732 1.358621 2.077756 3.212425 2.018601 1.967212 3.130675 
2.420437 2.356816 2.348226 1.086743 1.538608 2.725643 3.117617 2.588414 1.973531 2.049825 
2.556132 3.332179 1.827859 1.197239 2.966810 2.841535 3.628240 2.078270 1.056166 2.081052 
2.703055 3.018956 2.348206 2.182925 2.213255 2.771977 3.124051 2.626345 1.436895 2.203954 
2.923721 3.007960 2.571399 2.254677 1.632194 2.002478 3.557903 2.507189 2.458432 2.372582 
3.067044 3.667667 2.307202 1.382172 2.481881 3.684742 3.527300 2.116979 2.137748 1.703763 
