15 10
3.523715 3.647551 3.451544 2.461952 3.211623 3.237676 4.641974 2.787446 2.373948 4.144653 
3.682299 4.408311 3.272469 2.779565 2.903863 2.513416 2.610504 2.431961 2.960349 2.424990 
2.943825 3.906407 1.742647 2.220372 2.670521 3.328661 3.528559 3.066230 2.057909 2.461560 
2.526652 2.334279 2.848027 2.469159 2.468505 2.596041 2.982710 2.488222 2.413157 2.724513 
2.932765 3.121692 2.954318 2.363513 2.399234 3.180549 3.862197 3.173725 2.085769 1.624902 
3.012856 3.621799 3.139982 1.852225 3.508635 3.375473 3.889252 2.749892 1.963670 2.735322 
3.786750 3.595146 3.586072 2.608248 2.334267 4.277519 4.025834 2.715426 1.884578 3.750939 
4.376695 4.814989 2.880886 2.570385 2.292120 3.100516 2.773682 2.033328 2.416862 2.929250 
3.116247 3.810650 2.702664 2.156113 2.861798 3.578295 3.186656 3.138781 2.411750 2.096770 
2.561762 2.444830 1.392604 2.068889 1.477576 2.359254 3.167343 2.008512 1.439989 2.968096 
2.063986 2.646729 1.827300 0.815933 1.536111 2.624757 2.601751 2.277707 1.788253 2.131663 
2.295758 3.185825 2.103930 1.557692 2.903747 3.149608 3.830690 1.751764 1.306246 2.102049 
2.741903 3.647890 2.496759 2.450936 2.792480 3.508860 3.723103 2.782858 1.542973 2.844392 
3.402306 3.432531 2.806850 2.457565 1.805617 2.755766 3.407106 2.824479 1.933254 2.587867 
2.892270 4.412560 2.509282 1.382896 3.018166 3.160951 3.021482 1.824646 1.528468 2.456342 
