15 10
3.817967 2.791418 4.047824 3.727355 3.590883 2.679121 3.337481 4.055100 3.365611 4.485888 
4.158951 3.052630 4.476202 4.301229 3.656702 2.068425 2.194871 2.945830 3.538300 2.693680 
2.186905 3.612752 2.219372 2.924938 3.287790 3.946472 2.262706 3.667702 2.897397 3.220432 
2.088837 2.512082 3.097994 3.065329 3.021181 2.110880 2.427854 3.619660 2.779846 3.242843 
3.278081 1.895322 3.332174 3.451745 2.894588 2.261978 2.419864 3.375915 3.166663 3.081417 
1.795526 2.878745 3.404618 3.389669 3.761102 3.642229 2.727453 3.566082 2.909725 3.896210 
2.899642 3.228091 4.620472 3.083700 2.817726 3.135992 3.078241 3.456868 2.479420 3.559997 
4.721115 3.800057 3.946560 4.179969 3.584084 3.015677 2.256781 2.312651 3.667393 3.049351 
2.582698 2.412428 4.045059 3.473271 3.490321 3.724725 2.149733 4.248486 3.752374 3.593411 
2.092224 0.991743 1.824108 2.671443 1.937599 1.180608 2.444560 1.695891 2.769927 3.088000 
2.419506 1.986171 3.004399 1.591316 2.381846 2.217765 2.107095 2.846180 2.449644 2.264545 
1.324277 2.525305 2.267109 2.127784 3.024459 3.586177 2.902453 2.581402 2.135495 2.935966 
3.062683 3.033596 3.099757 3.507321 2.841700 2.903951 2.279497 4.014587 2.613658 3.063905 
3.661281 2.513619 4.303711 3.973178 3.017464 2.392857 2.400842 3.040806 2.928276 2.972693 
1.776113 2.720120 3.142855 2.613391 3.255037 3.375975 2.082640 3.145727 3.119187 3.161738 
