15 10
3.932973 2.559458 2.978749 5.052194 4.961498 3.130302 2.329417 3.736125 3.031632 3.615854 
2.916863 3.208519 3.522523 3.600437 3.658557 2.548902 1.804694 1.839808 4.267282 3.939274 
2.492115 2.678777 2.246843 2.849764 2.714082 2.845880 2.401923 2.898613 2.838663 3.224928 
2.540489 2.068424 1.746116 3.854106 3.979021 2.303347 1.330565 3.104598 2.592620 2.838500 
2.281976 2.223160 2.492635 3.021109 3.110268 2.898586 2.694318 2.345338 4.195207 3.170007 
2.575373 1.465308 3.069727 3.087610 2.661141 3.210340 3.509374 3.448715 3.130927 3.451754 
4.355971 2.661928 3.394101 4.217054 3.739588 4.087162 2.398544 2.878841 2.541336 2.549596 
3.508593 3.953972 3.175549 3.571677 2.622816 3.334510 1.968026 1.400353 3.952152 3.718780 
2.412114 1.633989 4.269209 3.043043 3.169567 2.268827 2.166495 3.340401 3.535427 3.251128 
2.301545 1.576100 1.442045 3.436397 2.284260 1.513788 2.089387 2.263301 2.860140 2.091568 
2.432453 2.234857 2.683923 1.827370 1.611899 2.819334 1.799687 2.168612 3.238852 2.918627 
2.231212 1.583042 2.086579 1.819413 2.291125 2.650305 3.394146 2.183987 2.075478 2.635089 
3.355949 2.933569 2.299457 4.296243 3.660893 3.044282 1.764651 4.095425 2.306775 2.329929 
2.613323 2.444617 3.322791 3.384278 2.474078 2.319502 2.954128 2.331643 3.920151 3.515501 
1.906033 2.175069 3.484013 2.488509 2.410954 3.026439 2.641722 2.389236 2.793703 2.554555 
