15 10
3.071375 2.854773 3.073682 2.368956 2.951994 3.227770 4.048467 2.727003 2.366086 3.687247 
2.879364 4.112961 2.499409 2.237840 2.632290 1.454723 2.226993 1.631138 2.112144 1.864746 
2.292680 3.286785 1.396940 1.894229 2.874801 2.273267 2.309718 2.169205 1.141226 2.014100 
1.659353 2.226686 2.062735 2.444464 2.585039 2.761597 2.644231 2.179923 2.111146 2.317352 
2.576416 2.971826 2.463409 2.003879 1.971298 1.925866 3.129436 2.353879 2.168590 1.435941 
3.034710 2.810972 2.085557 1.584561 2.441204 2.756534 3.368960 2.499510 1.688822 2.282491 
2.166067 2.586632 2.603459 2.102975 1.411752 3.391851 3.194260 1.477625 1.327360 2.396421 
2.845109 3.309818 2.463961 1.970281 1.609164 3.342120 2.777523 2.010802 2.096747 2.636698 
3.020168 3.437873 2.914012 2.122961 3.561057 3.339769 3.251231 2.483378 2.241842 2.482291 
2.425184 2.961210 1.558649 2.958944 2.182401 3.454421 3.752651 2.256082 2.112439 3.287952 
3.157944 3.786427 2.542789 1.468883 1.607571 2.509281 3.203168 2.433395 1.971159 2.223138 
2.614302 3.588107 1.851668 1.480484 3.233455 3.194863 3.774282 2.232394 1.247337 2.206494 
3.260238 4.058253 2.954463 3.075174 3.214910 4.093980 4.088328 3.169705 2.100517 3.190387 
4.391929 4.395990 3.451739 2.951897 2.067991 2.271323 2.427625 2.642329 1.873248 2.281217 
2.333829 3.358026 2.049678 1.479206 2.033389 3.224272 2.488313 1.920141 1.564122 1.704713 
