version: 1
creator: callgrind-3.11.0
pid: 3274
cmd:  ./main 1 0 5
part: 1


desc: I1 cache: 
desc: D1 cache: 
desc: LL cache: 

desc: Timerange: Basic block 0 - 109700
desc: Trigger: Program termination

positions: line
events: Ir
summary: 573125


ob=(6) /lib/x86_64-linux-gnu/libdl-2.23.so
fl=(88) ???
fn=(326) 0x0000000000000e80
0 17

fl=(89) /build/glibc-9tT8Do/glibc-2.23/dlfcn/dlfcn.c
fn=(334) init
29 1
+1 2

ob=(4) /lib/x86_64-linux-gnu/libm-2.23.so
fl=(64) /build/glibc-9tT8Do/glibc-2.23/math/../sysdeps/x86_64/fpu/multiarch/s_floorf.S
fn=(222) floorf
25 1
+1 1
+1 1
+1 1
+2 1

fl=(63) /build/glibc-9tT8Do/glibc-2.23/math/../sysdeps/x86_64/fpu/multiarch/e_asin.c
fn=(226) __asin_finite
16 5

fn=(220) __acos_finite
10 5

fl=(55) /build/glibc-9tT8Do/glibc-2.23/math/../sysdeps/x86_64/fpu/multiarch/e_exp.c
fn=(204) __exp_finite
9 8

fl=(58) /build/glibc-9tT8Do/glibc-2.23/math/../sysdeps/x86_64/fpu/multiarch/s_ceilf.S
fn=(210) ceilf
25 1
+1 1
+1 1
+1 1
+2 1

fl=(56) /build/glibc-9tT8Do/glibc-2.23/math/../sysdeps/x86_64/fpu/multiarch/s_sin.c
fn=(206) cos
12 8

fl=(62) /build/glibc-9tT8Do/glibc-2.23/math/../sysdeps/x86_64/fpu/multiarch/s_rintf.S
fn=(218) rintf
25 1
+1 1
+1 1
+1 1
+2 1

fl=(61) ???
fn=(216) __log_finite
0 8

fn=(230) sin
0 8

fn=(228) __atan2_finite
0 8

fl=(60) /build/glibc-9tT8Do/glibc-2.23/math/../sysdeps/x86_64/fpu/multiarch/e_pow.c
fn=(214) __pow_finite
8 5

fl=(65) /build/glibc-9tT8Do/glibc-2.23/math/../sysdeps/x86_64/fpu/multiarch/s_floor.S
fn=(224) floor
25 1
+1 1
+1 1
+1 1
+2 1

fl=(57) /build/glibc-9tT8Do/glibc-2.23/math/../sysdeps/x86_64/fpu/multiarch/s_rint.S
fn=(208) rint
25 1
+1 1
+1 1
+1 1
+2 1

fl=(59) /build/glibc-9tT8Do/glibc-2.23/math/../sysdeps/x86_64/fpu/multiarch/s_ceil.S
fn=(212) ceil
25 1
+1 1
+1 1
+1 1
+2 1

ob=(1) /lib/x86_64-linux-gnu/ld-2.23.so
fl=(24) /build/glibc-9tT8Do/glibc-2.23/io/../sysdeps/unix/syscall-template.S
fn=(130) close
84 40
+1 10

fn=(110) open
84 84
+1 10
+1 55

fn=(112) read
84 36
+1 9

fn=(68) access
84 40
+2 50

fl=(34) /build/glibc-9tT8Do/glibc-2.23/elf/dl-misc.c
fn=(106) _dl_name_match_p
288 2505
+1 1002
cfi=(19) /build/glibc-9tT8Do/glibc-2.23/string/../sysdeps/x86_64/multiarch/../strcmp.S
cfn=(54) strcmp
calls=501 144 
* 15316
* 501
+1 501
-1 501
+3 501
+2 1002
+4 502
-4 1004
+1 1608
cfi=(19)
cfn=(54)
calls=536 144 
* 17166
* 1072
-5 34
+11 637
-1 467
+1 1868

fn=(142) _dl_sysdep_read_whole_file
45 2
+7 1
-7 3
+7 1
-7 3
+7 1
cfi=(24)
cfn=(110)
calls=1 +32 
* 5
+1 2
+2 5
cfi=(36) /build/glibc-9tT8Do/glibc-2.23/io/../sysdeps/unix/sysv/linux/wordsize-64/fxstat.c
cfn=(120) _fxstat
calls=1 -21 
* 10
* 2
+2 1
+3 1
-3 1
+3 1
+13 2
cfi=(24)
cfn=(130)
calls=1 +11 
* 5
+3 7
-14 6
cfi=(26) /build/glibc-9tT8Do/glibc-2.23/misc/../sysdeps/unix/sysv/linux/wordsize-64/mmap.c
cfn=(72) mmap
calls=1 -29 
* 33
* 2

fl=(26)
fn=(72)
33 29
-1 290
+1 69
+1 290
+2 203
-3 68

fl=(12) /build/glibc-9tT8Do/glibc-2.23/elf/../misc/sbrk.c
fn=(24) sbrk
34 4
+8 6
+4 2
+16 5

fl=(13) /build/glibc-9tT8Do/glibc-2.23/elf/dl-environ.c
fn=(28) _dl_next_ld_env_entry
30 3
+3 10
+13 70
-13 210
+2 144
+1 22
+5 2
-3 2
+3 2
+2 2
-12 1
+19 1

fl=(1) ???
fn=(0) 0x0000000000000cc0
0 2
cfi=(2) /build/glibc-9tT8Do/glibc-2.23/elf/rtld.c
cfn=(2) _dl_start
calls=1 337 
0 476476
0 14
cfi=(66) /build/glibc-9tT8Do/glibc-2.23/elf/dl-init.c
cfn=(242) _dl_init
calls=1 80 
0 96633

fl=(36)
fn=(120)
34 10
-1 10
+1 10
+1 60
+4 10

fl=(15) /build/glibc-9tT8Do/glibc-2.23/elf/dl-object.c
fn=(32) _dl_new_object
61 140
+1 10
cfi=(11) /build/glibc-9tT8Do/glibc-2.23/string/../sysdeps/x86_64/strlen.S
cfn=(22) strlen
calls=10 +4 
* 178
+6 10
-6 20
+6 20
+7 40
cfi=(17) /build/glibc-9tT8Do/glibc-2.23/elf/dl-minimal.c
cfn=(36) calloc
calls=10 +28 
* 539
* 10
+3 10
-3 10
+3 10
+4 10
+5 20
-6 10
+6 10
-5 10
+3 20
+2 10
cfi=(18) /build/glibc-9tT8Do/glibc-2.23/string/../sysdeps/x86_64/multiarch/../memcpy.S
cfn=(46) memcpy
calls=10 -26 
* 273
+10 10
-10 10
+10 10
-8 10
+9 20
-1 30
+1 30
+3 10
-4 10
+1 10
+3 10
+9 10
-7 10
+4 10
+3 16
+2 2
-2 2
+2 30
-2 30
+12 10
+6 10
-5 10
-1 10
+6 50
+2 9
+3 9
-3 9
+3 9
-3 24
+7 45
+4 18
+2 5
+6 1
+6 1
-3 2
+3 11
-3 18
+3 18
+2 27
cfi=(11)
cfn=(22)
calls=9 -91 
* 306
+4 9
-4 36
+4 27
+64 18
+4 80
68 100
+34 29
+39 36
+70 27
cfi=(25) /build/glibc-9tT8Do/glibc-2.23/string/../sysdeps/x86_64/memcpy.S
cfn=(70) mempcpy
calls=9 61 
* 333
* 137
+6 128
-1 128
+1 137
-1 9
+1 27
+5 18
-89 2
+32 18
cfi=(17)
cfn=(40) malloc
calls=9 -71 
* 261
* 9
+1 9
-1 9
+1 27
+2 1
-35 2

fn=(48) _dl_add_to_namespace_list
32 50
+2 20
cfi=(2)
cfn=(50) rtld_lock_default_lock_recursive
calls=10 688 
* 20
+2 10
-2 10
+2 96
+3 162
+2 9
+2 9
+4 9
+4 9
-4 18
+1 9
+4 18
-4 9
+1 9
+3 9
-3 9
+2 9
cfi=(2)
cfn=(52) rtld_lock_default_unlock_recursive
calls=9 694 
* 18
-4 1
+4 1
-4 2
+1 1
+4 2
-4 1
+1 1
+3 1
-3 1
+2 1
cfi=(2)
cfn=(52)
calls=1 694 
* 2
-5 2

fl=(125) /build/glibc-9tT8Do/glibc-2.23/elf/dl-open.c
fn=(554) _dl_find_dso_for_object
182 5
+1 4
+1 20
+1 2
+3 2
+4 1
-9 12

fl=(17)
fn=(80) strsep
354 8
+2 4
+1 8
+4 132
+7 366
-2 244
+13 2
+4 4
-7 61
-15 187

fn=(44) __libc_memalign
52 171
+1 227
+11 168
+3 56
-3 56
+3 112
-3 3
+3 1
-3 1
+3 206
+4 24
+1 12
+6 48
cfi=(26)
cfn=(72)
calls=6 -45 
* 198
+2 30
+4 18
+3 6
+1 6
+2 30
-3 51
+1 51
+2 255
-31 2
-1 5

fn=(36)
103 22
+8 66
-4 22
+4 44
+3 22
cfn=(40)
calls=22 -20 
* 848
* 22

fn=(40)
94 56
+1 112
cfn=(44)
calls=56 -43 
* 1661
* 56

fn=(86) free
120 1
+2 3
+7 2

fl=(44) /build/glibc-9tT8Do/glibc-2.23/string/wordcopy.c
fn=(150) _wordcopy_fwd_aligned
38 12
+27 6
+41 2
-38 2
+39 4
+2 2
+1 2
+2 2
+1 2
+2 2
+1 2
+2 2
+4 2
-3 2
+6 4
+5 4

fl=(25)
fn=(70)
61 46
+4 46
+3 44
+1 44
+2 21
+1 21
+2 21
+1 21
+5 21
+1 21
-1 23
+1 23
+2 24
+1 24
+2 24
+1 24
+5 24
+1 24
-1 20
+1 20
+2 17
+1 17
+2 17
+1 17
+5 17
+1 17
-1 27
+1 27
+2 21
+1 21
+2 21
+1 42
+5 21
+1 21
-1 23
+1 27
+5 4
+1 4
+1 4
+1 4
+2 4
+2 4
+1 4
+2 4
+6 44
+4 44
+12 8
+2 8
+1 8
+26 8
+1 8
+3 8
+1 8
+1 8
+5 8
+2 8
+1 8
+1 8
+1 8
+2 8
+1 8
+1 8
+1 8
+2 8
+1 8
+2 8
+22 8
+2 8
+2 2
+7 2

fl=(30) /build/glibc-9tT8Do/glibc-2.23/elf/dl-debug.c
fn=(92) _dl_debug_state
74 2

fn=(88) _dl_debug_initialize
50 22
+5 20
+5 2
-1 1
+1 2
+1 2
-1 1
+4 1
-13 11
+4 22
+4 1
-1 1
-58 11

fl=(18)
fn=(46)
61 49
+2 49
+2 49
+3 44
+1 44
+2 11
+1 11
+2 11
+1 11
+5 11
+1 11
-1 33
+1 33
+2 14
+1 14
+2 14
+1 28
+5 14
+1 14
-1 30
+1 30
+2 13
+1 13
+2 13
+1 13
+5 13
+1 13
-1 31
+1 31
+2 28
+1 28
+2 28
+1 28
+5 28
+1 28
-1 16
+1 39
+5 23
+1 23
+1 23
+1 23
+2 23
+2 23
+1 23
+2 23
+8 44
+8 22
+6 22
+2 22
+1 22
+3 5
+1 15
+5 5
+1 5
+2 5
+2 5
+1 5
+2 5
-8 11
+1 11
+2 11
+2 11
+1 11
+2 21
+9 5
+1 5
-1 17
+1 17
+3 22
+1 22
+1 22
+5 19
+2 19
+1 19
+1 19
+1 19
+2 19
+1 19
+1 19
+1 19
+2 19
+1 19
+2 19
+2 1
+2 1
+1 1
+1 1
+1 1
+2 1
+1 1
+1 1
+1 1
+2 1
+1 1
+2 3
+5 1
+6 1
+1 1
-7 21
+6 21
+1 21
+2 5

fl=(27) /build/glibc-9tT8Do/glibc-2.23/string/../sysdeps/x86_64/multiarch/../memset.S
fn=(74) memset
53 25
+1 25
+1 25
+1 25
+1 25
+2 25
+1 25
+1 16
+1 16
+1 2
+1 2
+1 2
+1 2
+2 3
+9 9
+1 9
+1 9
+1 9
+1 9
+1 9
+1 9
+1 9
+1 9
+1 9
+1 9
+1 9
+1 9
+1 17
+3 8
+1 8
+1 8
+1 8
+1 8
+1 8
+1 8
-6 195
+1 195
+1 195
+1 195
+1 195
+1 195
+1 195
+1 8
+3 14
+1 14
+1 14
+1 3
+1 3
+1 1
+1 1
+3 1
+1 1
+1 1
+1 1
+2 2
+1 2
+1 2
+2 11
+1 11
+1 11

fl=(14) /build/glibc-9tT8Do/glibc-2.23/string/../sysdeps/x86_64/multiarch/../memcmp.S
fn=(30) bcmp
24 39
+1 39
+1 39
+1 39
+1 39
+1 39
+1 39
+1 39
+3 39
+1 39
+1 12
+1 12
+1 12
+1 12
+1 12
+1 12
+1 12
+2 38
+1 38
+1 11
+1 11
+1 11
+1 11
+1 11
+1 11
+1 11
+2 38
+1 38
+1 12
+1 12
+1 12
+1 12
+1 2
+1 2
+1 2
+2 28
+1 28
+1 13
+1 13
+1 13
+1 13
+5 15
+1 15
+1 15
+1 15
+1 15
+1 15
+1 15
+1 9
+1 9
+1 9
+1 9
+1 9
+7 9
+2 10
+4 23
+1 23
+1 2
+1 2
+1 2
+1 2
+1 2
+1 2
+1 2
+1 2
+1 2
+1 2
+1 2
+4 27
+1 27

fl=(6) /build/glibc-9tT8Do/glibc-2.23/elf/dl-lookup.c
fn=(178) check_match
92 3176
+3 2781
+12 2382
+3 1864
cfi=(19)
cfn=(54)
calls=69 +34 
* 3228
* 138
+5 397
-1 397
+1 397
+2 264
+19 264
+1 1056
+46 397
-7 397
+7 1985
-18 530
+2 265
+1 1060
-1 1325
-29 396
cfi=(19)
cfn=(54)
calls=132 +6 
* 3831
* 396

fn=(176) do_lookup_x
355 3010
+1 430
-1 2150
+48 430
-30 430
-11 430
+41 430
+7 860
-7 860
-30 1720
+37 1720
-44 860
+3 860
-3 3484
+3 3484
+4 4344
+4 4344
+4 4344
+6 6516
+8 2172
-4 2172
+1 2172
+3 4344
+1 6516
+3 2172
+1 4344
+2 4344
+8 2172
-8 2172
+8 21720
-99 1775
553 6844
+1 496
cfi=(34)
cfn=(106)
calls=248 288 
* 21596
* 744
+3 5325
+3 33
+1 3440
-92 794
+50 3116
+4 45
+12 794
+1 397
+1 794
413 2724
+2 908
+2 5655
+13 1104
-10 3825
+2 794
+1 1985
-1 397
+1 2779
-1 397
+1 1191
cfn=(178)
calls=397 92 
* 26926
+4 1191
+34 76
+94 266
439 3573

fn=(174) _dl_lookup_symbol_x
806 4730
568 430
806 1720
568 2150
+1 430
-1 430
+1 1290
-1 1290
+1 7914
-1 7914
+1 23742
-1 24602
808 430
+4 430
+4 430
-8 430
+1 860
+7 694
+7 430
-2 430
+2 430
-2 430
+6 430
-7 430
+7 860
-7 2580
+15 33
-8 165
+2 6020
cfn=(176)
calls=430 355 
* 194990
+3 1290
+26 860
+22 397
+1 2779
+31 397
+9 1985
+14 1191
+3 1588
+5 397
+2 3440
-85 231
+16 33
+1 66
+59 2

fn=(10) _dl_setup_hash
956 33
+4 11
+4 22
+2 11
-1 11
+3 33
+1 11
+1 11
+3 11
-3 11
+7 11
-4 11
-1 11
+3 11
+2 11
-7 11
+7 11
+1 11

fl=(71) /build/glibc-9tT8Do/glibc-2.23/elf/../sysdeps/x86_64/dl-trampoline.h
fn=(262) _dl_runtime_resolve_avx
64 13
+3 13
+2 13
+2 13
+3 13
+1 13
+1 13
+1 13
+1 13
+1 13
+1 13
+1 13
+1 13
+1 13
+1 13
+1 13
+1 13
+1 13
+1 13
+5 13
+1 13
+1 13
+1 13
+14 13
+1 13
+1 13
cfi=(72) /build/glibc-9tT8Do/glibc-2.23/elf/../elf/dl-runtime.c
cfn=(264) _dl_fixup
calls=13 -46 
* 14262
+1 13
+5 13
+1 13
+1 13
+1 13
+13 13
+1 13
+1 13
+1 13
+1 13
+1 13
+1 13
+1 13
+1 13
+1 13
+1 13
+1 13
+1 13
+1 13
+1 13
+2 13
+2 13
+4 13
+3 13
cob=(3) /lib/x86_64-linux-gnu/libc-2.23.so
cfi=(137) /build/glibc-9tT8Do/glibc-2.23/stdlib/abort.c
cfn=(638) abort
calls=1 51 
* 164
cob=(3)
cfi=(136) /build/glibc-9tT8Do/glibc-2.23/signal/../sysdeps/posix/signal.c
cfn=(626) signal
calls=1 34 
* 156
cob=(9) /usr/lib/libcr.so.0.5.5
cfi=(92) ???
cfn=(506) libcr_trace
calls=1 0 
* 73320
cob=(3)
cfi=(100) /build/glibc-9tT8Do/glibc-2.23/string/strerror.c
cfn=(472) strerror
calls=1 30 
* 887
cob=(3)
cfi=(99) /build/glibc-9tT8Do/glibc-2.23/csu/errno-loc.c
cfn=(464) __errno_location
calls=1 26 
* 3
cob=(3)
cfi=(97) /build/glibc-9tT8Do/glibc-2.23/signal/../nptl/sigaction.c
cfn=(452) sigaction
calls=1 34 
* 68
cob=(3)
cfi=(95) /build/glibc-9tT8Do/glibc-2.23/signal/../signal/sigfillset.c
cfn=(440) sigfillset
calls=1 26 
* 21
cob=(3)
cfi=(94) /build/glibc-9tT8Do/glibc-2.23/signal/../signal/allocrtsig.c
cfn=(428) __libc_allocate_rtsig
calls=1 -88 
* 11
cob=(3)
cfi=(94)
cfn=(418) __libc_current_sigrtmax
calls=1 58 
* 2
cob=(9)
cfi=(92)
cfn=(394) cri_pthread_init
calls=1 0 
* 4027
cob=(3)
cfi=(75) /build/glibc-9tT8Do/glibc-2.23/nptl/libc_pthread_init.c
cfn=(284) __libc_pthread_init
calls=1 44 
* 446
cob=(3)
cfi=(73) /build/glibc-9tT8Do/glibc-2.23/resource/../sysdeps/unix/syscall-template.S
cfn=(274) getrlimit
calls=1 -75 
* 5
cfi=(31) /build/glibc-9tT8Do/glibc-2.23/elf/dl-tls.c
cfn=(268) _dl_get_tls_static_info
calls=1 346 
* 5

fn=(263) _dl_runtime_resolve_avx'2
64 13
+3 13
+2 13
+2 13
+3 13
+1 13
+1 13
+1 13
+1 13
+1 13
+1 13
+1 13
+1 13
+1 13
+1 13
+1 13
+1 13
+1 13
+1 13
+5 13
+1 13
+1 13
+1 13
+14 13
+1 13
+1 13
cfi=(72)
cfn=(264)
calls=13 -46 
* 14622
+1 13
+5 13
+1 13
+1 13
+1 13
+13 13
+1 13
+1 13
+1 13
+1 13
+1 13
+1 13
+1 13
+1 13
+1 13
+1 13
+1 13
+1 13
+1 13
+1 13
+2 13
+2 13
+4 13
+3 13
cob=(3)
cfi=(120) /build/glibc-9tT8Do/glibc-2.23/malloc/malloc.c
cfn=(616) free
calls=1 2932 
* 100
cob=(3)
cfi=(135) /build/glibc-9tT8Do/glibc-2.23/io/../sysdeps/unix/syscall-template.S
cfn=(608) write
calls=1 -75 
* 7
cob=(3)
cfi=(133) /build/glibc-9tT8Do/glibc-2.23/debug/snprintf_chk.c
cfn=(600) __snprintf_chk
calls=1 29 
* 1533
cob=(9)
cfi=(92)
cfn=(594) cr_spinlock_unlock
calls=1 0 
* 2
cob=(3)
cfi=(131) /build/glibc-9tT8Do/glibc-2.23/stdlib/getenv.c
cfn=(586) getenv
calls=1 34 
* 555
cob=(9)
cfi=(92)
cfn=(580) cr_spinlock_lock
calls=1 0 
* 17
cob=(3)
cfi=(130) /build/glibc-9tT8Do/glibc-2.23/stdlib/xpg_basename.c
cfn=(574) __xpg_basename
calls=1 29 
* 70
cfi=(125)
cfn=(554)
calls=1 +23 
* 46
cob=(3)
cfi=(119) /build/glibc-9tT8Do/glibc-2.23/string/strdup.c
cfn=(532) strdup
calls=1 40 
* 59672
cob=(3)
cfi=(114) /build/glibc-9tT8Do/glibc-2.23/debug/vsnprintf_chk.c
cfn=(512) __vsnprintf_chk
calls=1 31 
* 710
cob=(5) /lib/x86_64-linux-gnu/libpthread-2.23.so
cfi=(93) /build/glibc-9tT8Do/glibc-2.23/nptl/pthread_key_create.c
cfn=(410) pthread_key_create
calls=1 26 
* 19
cob=(3)
cfi=(76) /build/glibc-9tT8Do/glibc-2.23/nptl/register-atfork.c
cfn=(286) __register_atfork
calls=1 -74 
* 60
cob=(9)
cfi=(92)
cfn=(400) cri_atfork
calls=1 0 
* 1321

fl=(23) /build/glibc-9tT8Do/glibc-2.23/elf/dl-hwcaps.c
fn=(66) _dl_important_hwcaps
39 6
+3 1
-3 2
+3 1
-1 1
+1 1
+9 1
-12 4
+12 2
+10 4
162 2
-47 3
cfi=(24)
cfn=(68)
calls=1 -31 
* 9
* 2
+55 3
+2 2
+1 5
+4 2
+4 1
-4 1
+1 1
+3 1
+3 1
+1 1
-1 1
+4 3
+1 1
-1 9
+1 1
+18 10
+1 2
-1 1
+1 3
cfi=(17)
cfn=(40)
calls=1 94 
* 29
* 1
+1 1
-1 1
+1 5
+29 1
+3 1
-3 2
+3 1
+23 7
+6 2
-1 2
+1 6
-1 8
+5 6
+3 1
-3 1
+3 1
-3 3
+3 1
-3 1
+3 5
+1 12
+1 4
-1 4
+1 8
-2 4
+1 8
-1 14
+4 4
+4 1
-1 1
+2 1
-2 1
+1 1
+1 1
-2 1
+2 10
+13 2
+1 1
-1 1
+3 2
-3 2
+1 1
-1 1
+3 2
+3 4
+3 1
-1 1
+1 9
113 1
+17 1
+1 1
-1 9
243 6
cfi=(25)
cfn=(70)
calls=1 61 
* 22
* 4
cfi=(25)
cfn=(70)
calls=1 61 
* 18
+1 4
cfi=(25)
cfn=(70)
calls=1 61 
* 22
* 4
cfi=(25)
cfn=(70)
calls=1 61 
* 18
* 12

fl=(9) /build/glibc-9tT8Do/glibc-2.23/elf/../sysdeps/unix/sysv/linux/dl-sysdep.c
fn=(60) _dl_discover_osversion
45 7
+2 3
+85 8
-45 3
cfi=(21) /build/glibc-9tT8Do/glibc-2.23/posix/../sysdeps/unix/syscall-template.S
cfn=(62) uname
calls=1 -3 
* 5
* 1
+15 1
-15 1
+20 1
-1 1
+3 12
+4 3
-2 6
+2 9
+7 3
-1 3
+4 3
-2 3
+2 10
+5 2

fl=(38) /build/glibc-9tT8Do/glibc-2.23/misc/../sysdeps/unix/syscall-template.S
fn=(238) munmap
84 4
+1 1

fn=(124) mprotect
84 76
+1 19

fl=(19)
fn=(54)
144 1353
+1 1353
+2 1353
+1 1353
+21 1353
+1 1353
+1 1024
+1 1024
+1 963
+1 963
+1 963
+1 963
+21 963
+1 963
+1 963
+1 963
+1 963
+1 963
+1 963
+5 21
+1 21
+9 21
+1 21
+1 21
+1 21
+1 21
+1 21
+1 21
+1 21
-7 390
+1 390
+1 390
+1 390
+1 390
+1 390
+1 390
+1 390
+1 407
+1 211
+1 211
+1 211
+2 211
+1 211
+1 211
+1 211
+1 211
+1 211
-5 196
+1 196
+1 196
+1 196
+1 196
+1 196
+10 4
+1 4
+1 4
+2 4
+6 4
+1 4
+1 4
+1 4
+1 4
+5 4
+2 1
+1 1
+1 2
+8 1
+1 1
+3 1
+1 1
+1 1
+1 1
+1 1
+1 1
447 1
+1 1
+1 1
+1 1
+1 1
+2 1
+1 1
+1 1
+1 1
+1 1
+1 1
+1 1
+1 1
+3 1
+1 1
+1 1
+6 1
+1 1
+1 2
+4 1
+1 1
+3 1
+1 1
+1 1
+3 1
+1 1
+1 1
+6 1
+1 1
+1 1
+1 1
+1 1
+1 1
+72 2
+1 2
+1 2
+1 2
+1 2
+2 2
+1 2
+1 2
+1 2
+1 2
+1 2
+1 2
+1 2
+4 2
+1 2
+1 2
+6 2
+1 2
+1 4
+4 2
+1 2
+3 2
+1 2
+1 2
+3 2
+1 2
+1 2
+6 2
+1 2
+1 2
+1 2
+1 2
+1 2
+72 3
+1 3
+1 3
+1 3
+1 3
+2 3
+1 3
+1 3
+1 3
+1 3
+1 3
+1 3
+1 3
+4 3
+1 3
+1 3
+6 3
+1 3
+1 6
+4 3
+1 3
+3 3
+1 3
+1 3
+3 3
+1 3
+1 3
+6 3
+1 3
+1 3
+1 3
+1 3
+1 3
+72 4
+1 4
+1 4
+1 4
+1 4
+2 4
+1 4
+1 4
+1 4
+1 4
+1 4
+1 4
+1 4
+4 4
+1 4
+1 4
+6 4
+1 4
+1 8
+4 4
+1 4
+3 4
+1 4
+1 4
+3 4
+1 4
+1 4
+6 4
+1 4
+1 4
+1 4
+1 4
+1 4
+72 1
+1 1
+1 1
+1 1
+1 1
+2 1
+1 1
+1 1
+1 1
+1 1
+1 1
+1 1
+1 1
+4 1
+1 1
+1 1
+6 1
+1 1
+1 2
+4 1
+1 1
+3 1
+1 1
+1 1
+3 1
+1 1
+1 1
+6 1
+1 1
+1 1
+1 1
+1 1
+1 1
+72 14
+1 14
+1 14
+1 14
+1 14
+2 14
+1 14
+1 14
+1 14
+1 14
+1 14
+1 14
+1 7
+4 7
+1 7
+1 7
+6 7
+1 7
+1 14
+4 7
+1 7
+3 7
+1 7
+1 7
+3 7
+1 7
+1 7
+6 7
+1 7
+1 7
+1 7
+1 7
+1 7
+7 1
+1 1
+2 1
+1 1
+2 1
+1 1
+1 1
+3 1
+1 1
+1 1
+6 1
+1 1
+1 1
+1 1
+1 1
+1 1
+41 16
+1 16
+1 16
+1 16
+1 16
+2 16
+1 16
+1 16
+1 16
+1 16
+1 16
+1 16
+1 4
+4 4
+1 4
+1 4
+6 4
+1 4
+1 8
+4 4
+1 4
+3 4
+1 4
+1 4
+3 4
+1 4
+1 4
+6 4
+1 4
+1 4
+1 4
+1 4
+1 4
+72 63
+1 63
+1 63
+1 63
+1 63
+2 63
+1 63
+1 63
+1 63
+1 63
+1 63
+1 63
+1 5
+4 5
+1 5
+1 5
+6 5
+1 5
+1 10
+4 5
+1 5
+3 5
+1 5
+1 5
+3 5
+1 5
+1 5
+6 5
+1 5
+1 5
+1 5
+1 5
+1 5
+72 13
+1 13
+1 13
+1 13
+1 13
+2 13
+1 13
+1 13
+1 13
+1 13
+1 13
+1 13
+1 1
+4 1
+1 1
+1 1
+6 1
+1 1
+1 2
+4 1
+1 1
+3 1
+1 1
+1 1
+3 1
+1 1
+1 1
+6 1
+1 1
+1 1
+1 1
+1 1
+1 1
+72 27
+1 27
+1 27
+1 27
+1 27
+2 27
+1 27
+1 27
+1 27
+1 27
+1 27
+1 27
+1 12
+4 12
+1 12
+1 12
+6 12
+1 12
+1 24
+4 12
+1 12
+3 12
+1 12
+1 12
+3 12
+1 12
+1 12
+6 12
+1 12
+1 12
+1 12
+1 12
+1 12
+72 78
+1 78
+1 78
+1 78
+1 78
+2 78
+1 78
+1 78
+1 78
+1 78
+1 78
+1 78
+1 10
+4 10
+1 10
+1 10
+6 10
+1 10
+1 20
+4 10
+1 10
+3 10
+1 10
+1 10
+3 10
+1 10
+1 10
+6 10
+1 10
+1 10
+1 10
+1 10
+1 10
+72 85
+1 85
+1 85
+1 85
+1 85
+2 85
+1 85
+1 85
+1 85
+1 85
+1 85
+1 85
+1 17
+4 17
+1 17
+1 17
+6 17
+1 17
+1 34
+4 17
+1 17
+3 17
+1 17
+1 17
+3 17
+1 17
+1 17
+6 17
+1 17
+1 17
+1 17
+1 17
+1 17
+7 1
+1 1
+2 1
+1 1
+2 1
+1 1
+1 1
+3 1
+1 1
+1 1
+6 1
+1 1
+1 1
+1 1
+1 1
+1 1
+41 13
+1 13
+1 13
+1 13
+1 13
+2 13
+1 13
+1 13
+1 13
+1 13
+1 13
+1 13
+1 10
+4 10
+1 10
+1 10
+6 10
+1 10
+1 20
+4 10
+1 10
+3 10
+1 10
+1 10
+3 10
+1 10
+1 10
+6 10
+1 10
+1 10
+1 10
+1 10
+1 10
+44 1
+1 1
+1 1
+1 1
+7 1
+1 1
+1 1
+16 87
+1 87
+1 87
+1 87
+1 87
+2 87
+1 87
+1 87
+1 87
+1 87
+1 87
+1 87
+2 8
+4 8
+1 8
+1 8
+6 8
+1 8
+2 16
+4 8
+1 8
+3 8
+1 8
+1 8
+3 8
+1 8
+1 8
+6 8
+1 8
+1 8
+1 8
+1 8
+1 8
+74 86
+2 86
+1 86
+1 86
+1 86
-3 325
+1 325
+1 325
+1 325
+1 633
+5 211
+6 211
+1 211
+8 211
+1 211
-16 1142
+6 1142
+1 1142
+8 1142
+1 1142

fl=(45) /build/glibc-9tT8Do/glibc-2.23/elf/dl-version.c
fn=(160) match_symbol
76 484
+9 44
-8 44
-1 88
+1 44
+8 44
+6 132
+15 44
+1 88
+2 44
+5 88
+14 656
+12 852
+4 284
-30 568
+19 220
cfi=(19)
cfn=(54)
calls=44 +11 
* 1967
* 88
+35 352

fn=(158) _dl_check_map_versions
189 33
-15 99
+17 11
+3 33
-3 11
+2 11
+1 11
+2 11
-3 11
+3 11
+3 18
+4 9
-4 9
+4 36
+17 9
56 18
220 9
56 45
220 11
56 22
220 11
56 55
+1 109
-1 218
+2 387
cfi=(34)
cfn=(106)
calls=129 288 
* 12022
* 278
228 60
+5 160
+19 24
-15 511
cfn=(160)
calls=3 76 
* 273
* 164
cfn=(160)
calls=41 76 
* 5858
* 44
+7 264
+3 132
+9 120
+5 33
+1 11
+8 18
+3 28
+10 63
-7 252
+3 189
-3 28
+3 21
+8 30
+87 8
-81 40
cfi=(17)
cfn=(36)
calls=10 103 
* 431
* 10
+1 10
-2 10
+2 10
+11 10
+2 10
-5 10
+3 10
+2 10
-2 10
+2 10
+3 36
+4 60
+18 24
-15 72
+2 72
-2 60
+2 60
+2 44
+1 44
-1 88
+1 44
-1 44
+1 44
+1 44
-2 44
+2 88
+1 132
+3 132
+8 60
+5 11
+1 11
+4 30
+3 28
+20 63
-14 140
-2 63
+7 126
+1 63
-1 189
+1 63
-1 63
+1 63
+1 63
+3 210
+10 90
183 2
-8 2
+95 4
-80 2

fn=(156) _dl_check_all_versions
380 5
+4 7
+2 77
cfn=(158)
calls=11 189 
* 24858
-2 11
+2 33
-1 11
-1 22
+5 7

fl=(11)
fn=(22)
66 49
+1 49
+1 49
+1 49
+1 49
+1 49
+1 49
+2 49
+2 49
+30 48
+1 48
+1 48
+1 48
+1 48
+1 20
+1 20
+4 28
+1 28
+1 28
+1 28
+1 28
+1 28
+1 28
+1 28
+1 28
+1 28
+1 28
+1 28
+5 224
+4 1
+1 14
+1 8

fl=(72)
fn=(264)
66 52
+5 52
-5 26
+3 52
+3 26
-1 52
-3 26
+5 156
+1 26
-1 26
+1 52
+5 52
+4 52
+4 78
+4 26
+1 130
+2 104
+7 52
-1 26
+1 26
+10 234
cfi=(6)
cfn=(174)
calls=26 806 
* 26934
* 26
+4 130
+10 156
+16 26
-8 26
+8 78
+4 78
fi=(5) /build/glibc-9tT8Do/glibc-2.23/elf/../sysdeps/x86_64/dl-machine.h
+90 26
fe=(72)
-86 78

fl=(32) /build/glibc-9tT8Do/glibc-2.23/elf/dl-error.c
fn=(96) _dl_catch_error
163 46
+15 23
-3 46
+1 46
-13 46
+14 46
+1 23
+2 23
cfi=(2)
cfn=(98) _dl_initial_error_catch_tsd
calls=23 648 
* 46
+2 23
-1 23
+4 23
-3 46
+3 23
-4 23
+4 23
cfi=(33) /build/glibc-9tT8Do/glibc-2.23/setjmp/../sysdeps/x86_64/setjmp.S
cfn=(100) __sigsetjmp
calls=23 26 
* 460
* 69
+2 69
cfi=(40) /build/glibc-9tT8Do/glibc-2.23/elf/dl-deps.c
cfn=(134) openaux
calls=22 60 
* 49132
cfi=(2)
cfn=(102) map_doit
calls=1 480 
* 2372
+1 46
+2 23
+1 23
-3 23
+1 46
+1 23
+9 23
-8 23
+8 69

fn=(152) _dl_receive_error
205 10
+1 1
cfi=(2)
cfn=(98)
calls=1 648 
* 2
+5 1
-1 1
-4 1
+9 1
+2 1
-3 1
+3 1
cfi=(2)
cfn=(154) version_check_doit
calls=1 513 
* 25041
+2 1
+1 1
+1 8

fl=(43) /build/glibc-9tT8Do/glibc-2.23/string/../string/memmove.c
fn=(148) memmove
45 4
+6 4
-6 12
+6 4
-6 8
+6 8
+8 16
+3 8
+1 2
-1 2
+1 2
+12 24
+6 140
+31 28
-37 2
cfi=(44)
cfn=(150)
calls=2 -37 
* 52
* 2

fl=(28) /build/glibc-9tT8Do/glibc-2.23/string/../sysdeps/x86_64/multiarch/../strchr.S
fn=(76) index
24 34
+1 34
+1 34
+1 34
+1 34
+1 34
+1 34
+1 34
+1 34
+1 34
+1 34
+1 34
+1 34
+1 34
+1 34
+1 34
+1 34
+1 28
+4 28
+1 28
+1 28
+1 28
+2 28
+4 6
+1 6
+1 6
+1 6
+1 6
+1 6
+1 6
+1 6
+1 6
+1 6
+1 6
+1 6
+1 6
+1 6
+1 6
+1 6
+1 6
+1 6
+1 6
+1 6
+1 6
+1 6
+1 6
+1 6
+52 6
+4 6
+1 6
+1 6
+1 6
+2 6

fl=(7) /build/glibc-9tT8Do/glibc-2.23/elf/../elf/dl-sysdep.c
fn=(234) _dl_sysdep_start_cleanup
256 1

fn=(12) _dl_sysdep_start
86 8
+25 1
-1 1
+1 225
+6 1
-3 1
+1 1
-4 1
+3 1
+3 4
+1 2
-1 25
+1 105
-1 102
+62 1
+1 1
-1 1
+1 1
-29 1
+1 2
+11 1
+1 1
-1 1
+1 1
-7 1
+1 1
-1 1
+1 1
-4 1
+1 2
-25 1
+1 2
-4 1
+1 2
-7 1
+1 1
+2 1
+1 1
fi=(9)
-90 2
cfi=(10) /build/glibc-9tT8Do/glibc-2.23/elf/../sysdeps/unix/sysv/linux/x86_64/brk.c
cfn=(18) brk
calls=1 -4 
* 11
fi=(5)
223 5
fi=(8) /build/glibc-9tT8Do/glibc-2.23/elf/../sysdeps/x86/cpu-features.c
61 2
+3 1
-3 1
+3 9
175 3
+1 1
+3 2
+1 1
+2 2
+1 7
+7 3
+4 2
+2 4
+51 2
fe=(7)
-16 1
fi=(8)
+27 1
+1 1
+1 1
fe=(7)
-29 1
+1 1
cfi=(11)
cfn=(22)
calls=1 66 
* 32
* 1
+2 2
cfi=(12)
cfn=(24)
calls=1 34 
* 17
* 3
+12 3
+3 5
cfi=(2)
cfn=(26) dl_main
calls=1 738 
* 475119
+1 1
+1 8
fi=(8)
-4 2
+1 4
+1 4
-49 2
+1 1
+6 3
+5 3
+16 2
+3 2
29 2
+4 1
-4 1
+5 1
-1 1
+2 1
-1 1
+1 1
-2 1
+1 1
+1 1
+1 1
-7 2
+3 1
+4 1
+5 1
+32 2
-32 1
+27 1
+5 1
+3 1
+1 8
+57 2
-66 2
+44 2
250 2
+1 4
fe=(7)

fl=(66)
fn=(244) call_init.part.0
28 35
+8 7
+3 7
-3 14
+3 21
+5 49
+5 12
+9 36
cob=(2) ???
cfi=(16) ???
cfn=(372) 0x0000000005789920
calls=1 -58 
* 6
cob=(2)
cfi=(16)
cfn=(360) 0x0000000005992d88
calls=1 -58 
* 6
cob=(2)
cfi=(16)
cfn=(336) 0x0000000005db8790
calls=1 -58 
* 6
cob=(2)
cfi=(16)
cfn=(322) 0x0000000005fccca0
calls=1 -58 
* 6
cob=(3)
cfi=(79) /build/glibc-9tT8Do/glibc-2.23/csu/../csu/init-first.c
cfn=(300) _init
calls=1 -6 
* 176
cob=(2)
cfi=(16)
cfn=(246) 0x0000000005b9e580
calls=1 -58 
* 4583
* 6
+4 12
+6 6
+2 12
-2 12
+3 30
+1 24
cob=(9)
cfi=(92)
cfn=(376) 0x0000000000003280
calls=1 -72 
* 17
cob=(8) /lib/x86_64-linux-gnu/librt-2.23.so
cfi=(91) ???
cfn=(364) 0x0000000000002260
calls=1 -72 
* 17
cob=(7) /lib/x86_64-linux-gnu/libgcc_s.so.1
cfi=(90) ???
cfn=(340) __cpu_indicator_init
calls=1 -72 
* 255
cob=(6)
cfi=(88)
cfn=(326)
calls=1 -72 
* 17
cob=(3)
cfi=(85) /build/glibc-9tT8Do/glibc-2.23/string/../sysdeps/x86_64/cacheinfo.c
cfn=(312) init_cacheinfo
calls=1 482 
* 1159
cob=(5)
cfi=(77) ???
cfn=(290) 0x0000000000005b00
calls=1 -72 
* 17
* 20
cob=(9)
cfi=(92)
cfn=(384) 0x0000000000002f50
calls=1 -72 
* 89853
cob=(7)
cfi=(90)
cfn=(352) 0x0000000000003140
calls=1 -72 
* 17
cob=(6)
cfi=(89)
cfn=(334)
calls=1 -43 
* 3
cob=(3)
cfi=(87) /build/glibc-9tT8Do/glibc-2.23/elf/dl-altinit.c
cfn=(320) dlinit_alt
calls=1 -39 
* 4
cob=(5)
cfi=(78) /build/glibc-9tT8Do/glibc-2.23/nptl/../sysdeps/unix/sysv/linux/x86/elision-conf.c
cfn=(298) elision_init
calls=1 -7 
* 8
* 10
-1 20
+3 36
-29 3

fn=(242)
80 11
+1 1
+1 1
+3 3
+8 2
+1 2
+25 21
+1 21
-90 38
cfn=(244)
calls=6 -2 
* 91854
* 7
+58 2
+16 1
cfn=(244)
calls=1 -76 
* 4668
* 1

fl=(10)
fn=(18)
31 7
+8 1
-6 2
+7 1

fl=(21)
fn=(62)
84 4
+1 1

fl=(40)
fn=(134)
60 44
+7 22
-4 242
cfi=(22) /build/glibc-9tT8Do/glibc-2.23/elf/dl-load.c
cfn=(104) _dl_map_object
calls=22 2167 
* 48758
* 22
+5 44

fn=(132) _dl_map_object_deps
161 1
-1 1
+1 1
-1 4
+1 1
-1 2
+1 1
-1 2
+1 1
-1 2
+1 3
-15 1
+15 1
-17 1
+1 1
+1 1
+6 4
+26 1
-26 1
+26 7
-34 1
+2 1
+33 2
-33 1
-2 1
+2 2
-2 1
+1 1
+1 1
+6 3
+26 1
-26 1
+26 5
+4 1
+21 1
+1 1
-22 2
+19 1
-12 1
+15 1
-16 2
+13 1
317 9
217 1
-4 1
-4 1
+8 11
-4 10
-4 10
+8 10
+12 22
+2 9
+11 9
-5 9
-6 18
+5 9
+2 18
+1 18
+3 63
+50 66
+1 57
-51 992
+1 496
+6 110
cfi=(28)
cfn=(76)
calls=22 24 
* 626
* 44
+5 110
-3 22
+3 22
cfi=(32)
cfn=(96)
calls=22 -91 
* 50496
+2 66
+15 22
+2 44
+5 9
+6 9
+2 9
-8 18
+3 9
+1 9
+1 9
+1 9
+4 54
+7 678
459 33
+2 27
+2 27
cfi=(17)
cfn=(40)
calls=9 94 
* 261
* 9
+2 9
-2 9
+2 9
+4 36
-1 9
+1 9
cfi=(18)
cfn=(46)
calls=9 61 
* 251
+1 45
cfi=(18)
cfn=(46)
calls=9 61 
* 251
+4 9
-1 9
+5 64
+7 6
+1 1
+3 5
+10 4
cfi=(17)
cfn=(40)
calls=1 94 
* 29
* 1
+3 1
-3 1
+3 1
+5 6
+1 1
-1 3
+1 2
+8 2
+4 3
-4 1
-6 3
-2 10
+8 20
+4 30
-4 10
-6 30
+13 3
+51 3
+2 3
+42 1
-4 1
+5 2
-1 4
+1 2
cfi=(27)
cfn=(74)
calls=1 53 
* 14
* 1
-2 9
+7 1
-1 1
+1 1
-1 2
+7 1
-7 1
+7 2
-13 11
+7 11
-1 11
+1 11
-1 22
+7 11
-7 11
+7 33
+2 44
+1 22
-1 144
+1 110
+2 435
+1 327
+4 20
cfi=(43)
cfn=(148)
calls=2 45 
* 146
+4 6
-2 2
+2 12
+20 81
cfi=(27)
cfn=(74)
calls=9 53 
* 143
* 45
-6 45
-28 90
+31 38
-10 14
cfi=(43)
cfn=(148)
calls=2 45 
* 172
+2 6
+2 4
-2 2
+2 4
+16 2
+2 1
+1 1
-1 1
+2 3
+7 3
+3 3
+3 8
481 30
-1 11
+1 23
202 2
+27 8
-19 4
+8 74
+2 9
+2 36
+2 45
338 20
611 8
cfi=(18)
cfn=(46)
calls=1 61 
* 65
+2 1
-38 1
+38 1
209 2

fl=(31)
fn=(164) _dl_determine_tlsoffset
138 7
+6 3
+3 2
+36 3
+2 10
-2 1
+2 2
+3 2
-1 2
+5 4
-5 6
+3 6
+2 10
+16 6
+2 4
-2 4
+2 4
+10 2
-37 4
+25 2
-25 6
+40 4
+1 1
+51 1
+1 8

fn=(202) _dl_add_to_slotinfo
890 6
+9 2
-9 2
+6 4
+8 10
+41 2
+1 6
+1 8

fn=(166) _dl_allocate_tls_storage
354 3
+2 1
+11 3
cfi=(17)
cfn=(44)
calls=1 52 
* 76
* 1
+1 2
+7 2
+4 1
-57 1
+57 296
-58 2
+1 2
cfi=(17)
cfn=(36)
calls=1 103 
* 38
* 1
+1 2
+3 1
+6 2
+64 5

fn=(232) _dl_allocate_tls_init
450 2
-1 7
+5 1
+6 3
-6 1
+6 1
-4 1
+16 1
-15 3
+20 6
+6 20
+3 2
+1 4
+6 6
+3 2
-2 4
+2 8
+1 2
+3 2
-1 6
+4 4
+1 8
+2 4
+9 12
cfi=(25)
cfn=(70)
calls=2 61 
* 37
* 8
cfi=(27)
cfn=(74)
calls=2 53 
* 157
* 4
-38 6
+52 2
+2 1
+1 8

fn=(90) _dl_count_modids
115 2
+1 2

fn=(146) _dl_next_tls_modid
49 2
+3 8
+48 2
+4 4

fn=(268)
346 2
+1 3

fl=(22)
fn=(104)
2167 161
+8 23
-8 46
+8 23
+1 92
+3 514
+5 868
+2 372
cfi=(34)
cfn=(106)
calls=124 288 
* 12569
* 248
+4 220
+1 330
+3 70
+2 280
cfi=(19)
cfn=(54)
calls=70 144 
* 1992
* 140
2478 184
2213 45
+9 9
-53 9
+53 18
+36 18
-2 9
+2 9
cfi=(28)
cfn=(76)
calls=9 24 
* 207
* 18
2409 2
372 3
cfi=(28)
cfn=(76)
calls=1 24 
* 47
* 2
+4 2
cfi=(29) /build/glibc-9tT8Do/glibc-2.23/string/strdup.c
cfn=(82) strdup
calls=1 40 
* 128
2410 1
-3 1
+3 2
+4 9
cfn=(108) open_verify.constprop.7
calls=1 1695 
* 299
+3 1
-3 1
+3 3
+12 3
+46 1
+1 3
-1 1
+1 9
cfn=(114) _dl_map_object_from_fd
calls=1 871 
* 1444
-1 8
+1 24
-1 8
+1 72
cfn=(114)
calls=8 871 
* 13528
* 46
2262 16
cfi=(11)
cfn=(22)
calls=8 66 
* 128
* 8
+2 8
-2 8
+2 8
+7 32
+35 16
+1 112
cfn=(136) open_path
calls=8 2018 
* 2537
+6 16
-6 8
+6 24
638 8
2314 8
638 16
+3 4
2401 16
+28 24
+2 32
2275 8
+5 8
-5 8
+5 8
+3 16
-3 8
+3 56
-3 42
638 14
2281 14
638 28
+3 4
+3 12
2336 8
-14 8
+14 8
+2 24
+4 16
cfi=(42) /build/glibc-9tT8Do/glibc-2.23/elf/dl-cache.c
cfn=(140) _dl_load_cache_lookup
calls=8 185 
* 10771
+2 8
-2 8
+2 8
+4 16
+8 24
+23 80
cfn=(108)
calls=8 1695 
* 2576
+4 8
-4 8
+4 24
+1 16
-89 24
+1 64
638 8
2297 8
638 16
+9 8

fn=(64) _dl_init_paths
661 1
+13 2
-13 8
+13 3
cfi=(23)
cfn=(66)
calls=1 39 
* 398
+5 1
-5 1
+5 1
cfi=(17)
cfn=(40)
calls=1 94 
* 29
* 1
+1 1
-2 1
+2 2
+8 1
-1 1
+1 2
-1 1
+1 1
-1 3
+5 1
-5 1
+5 1
cfi=(17)
cfn=(40)
calls=1 94 
* 80
* 1
+2 1
-3 1
+3 1
+17 1
+12 1
-9 2
+6 1
-19 1
+10 1
+12 1
-11 1
+2 1
+1 4
-15 1
+23 4
-3 21
cfi=(27)
cfn=(74)
calls=4 53 
* 60
* 4
+3 27
-14 3
+2 3
+1 3
+2 6
-3 3
+4 9
+4 3
-3 3
+3 3
+1 3
-4 9
+4 3
+10 1
+4 1
-11 1
+6 1
+6 1
-12 1
+12 1
+2 4
+2 3
+38 5
+8 3
cfi=(28)
cfn=(76)
calls=1 24 
* 23
* 2
+2 2
cfi=(11)
cfn=(22)
calls=1 66 
* 16
* 8
cfi=(18)
cfn=(46)
calls=1 61 
* 31
* 1
+4 6
+17 1
-4 4
-13 52
+17 13
-4 53
+8 1
cfi=(17)
cfn=(40)
calls=1 94 
* 29
* 1
+1 1
-2 1
+2 1
+6 9
cfn=(78) fillin_rpath
calls=1 433 
* 605
+4 5
+6 1
+4 8
-75 1
-2 1
+2 2
+14 2

fn=(136)
2018 64
+1 8
+6 8
-6 8
+6 8
+5 72
+52 8
-59 8
-1 8
+60 8
-52 64
+74 32
-62 8
-9 8
+9 8
+7 32
cfi=(25)
cfn=(70)
calls=8 61 
* 248
+1 8
-1 8
+1 40
+20 8
-20 127
+3 64
+5 22
-1 11
+1 22
-1 33
cfi=(25)
cfn=(70)
calls=11 61 
* 183
* 44
cfi=(25)
cfn=(70)
calls=11 61 
* 277
-1 11
+7 11
-7 11
+7 11
+3 99
cfn=(108)
calls=11 1695 
* 484
* 11
+2 55
+26 28
+2 14
+39 56
+7 8
-2 8
+2 24
+3 24
+14 8
-27 8
+27 56
-84 8
+1 36
+6 4
+2 4
-2 4
+2 8
-2 4
+2 4
cfi=(41) /build/glibc-9tT8Do/glibc-2.23/io/../sysdeps/unix/sysv/linux/wordsize-64/xstat.c
cfn=(138) _xstat
calls=4 34 
* 49
* 8
+1 1
+2 1
-2 1
+2 7
+7 3
-7 3
+7 9
-30 3
+23 6

fn=(114)
871 99
+10 9
-10 9
+10 9
-10 27
+10 9
cfi=(30)
cfn=(88)
calls=9 50 
* 72
fi=(35) /build/glibc-9tT8Do/glibc-2.23/elf/../sysdeps/posix/dl-fileid.h
37 27
fe=(22)
881 9
fi=(35)
37 9
cfi=(36)
cfn=(120)
calls=9 -3 
* 90
* 18
+4 9
fe=(22)
897 9
fi=(35)
40 9
+1 9
fe=(22)
897 225
+1 108
fi=(35)
49 180
fe=(22)
1443 72
915 18
+24 18
+10 18
+22 36
+32 18
882 9
1006 63
cfi=(15)
cfn=(32)
calls=9 61 
* 3599
+1 9
-1 9
+1 9
+11 18
+1 9
-1 9
+2 9
-1 9
+4 9
-1 18
-2 9
+2 18
+1 27
+1 9
+19 9
-2 9
+10 9
-8 54
+8 9
-8 27
+8 9
+87 9
+8 9
-8 36
+8 9
-8 27
-86 125
-1 544
+1 386
+6 18
+1 27
+1 9
+9 90
+5 144
+9 54
-1 54
+1 18
+1 36
+2 18
-2 18
+1 18
-1 18
+3 18
+4 18
-7 18
+2 18
+1 18
+4 18
+1 54
+4 27
-14 9
+14 54
+11 9
-11 27
-14 9
+14 54
+11 9
-44 4
+1 2
+46 6
+4 2
+1 2
+1 2
-1 4
+1 2
+3 6
+1 2
+3 2
-3 2
+7 8
+6 2
cfi=(31)
cfn=(146)
calls=2 49 
* 16
* 4
+1 2
+59 16
+1 24
+1 8
-6 18
+1 9
+8 27
1019 9
1207 9
1019 9
1207 9
+10 27
fi=(37) /build/glibc-9tT8Do/glibc-2.23/elf/./dl-map-segments.h
56 18
fe=(22)
1217 27
fi=(37)
56 9
fe=(22)
1217 9
fi=(37)
56 9
fe=(22)
1217 18
fi=(37)
56 54
cfi=(26)
cfn=(72)
calls=9 -23 
* 315
+4 9
-4 9
+4 18
+3 18
+1 9
+2 9
-2 9
-1 9
+3 9
+10 18
fi=(39) /build/glibc-9tT8Do/glibc-2.23/elf/./dl-load.h
+14 36
+1 27
+2 36
fi=(37)
+7 72
+6 9
+2 9
-2 9
+1 9
+2 9
-1 9
+1 9
-1 27
+8 18
+17 18
+12 18
-59 90
+2 18
+2 9
-2 18
+2 90
cfi=(26)
cfn=(72)
calls=9 -57 
* 279
* 27
fe=(22)
1229 36
+9 18
fi=(3) /build/glibc-9tT8Do/glibc-2.23/elf/get-dynamic-info.h
39 9
fe=(22)
1238 9
fi=(3)
39 9
+6 9
-2 9
+2 18
+15 9
+5 9
+3 9
-1 9
-3 9
-3 210
+10 48
-26 144
+16 186
+10 186
-26 558
+26 9
-26 27
+2 486
+13 228
+2 36
+3 36
+13 18
+20 32
+1 36
+1 36
+1 36
+2 36
+5 36
+1 35
+1 36
+6 27
+5 18
+7 18
+1 27
+16 27
+5 4
+2 4
-2 4
+2 4
+2 8
+2 8
+3 27
+10 3
-8 12
+8 3
+5 6
+3 18
fe=(22)
1245 18
+15 27
+19 18
+2 45
+54 27
+1 4
+3 4
cfi=(24)
cfn=(130)
calls=2 84 
* 10
* 14
cfi=(24)
cfn=(130)
calls=7 84 
* 35
* 18
+9 18
+2 27
+2 9
-2 9
+2 9
+16 18
cfi=(6)
cfn=(10)
calls=9 956 
* 207
+4 18
+1 18
+17 18
+9 9
-5 27
+5 9
+10 18
+10 27
cfi=(15)
cfn=(48)
calls=9 32 
* 495
+4 36
fi=(3)
68 36
+2 45
fe=(22)
1391 4
fi=(37)
119 18
+8 72
cfi=(27)
cfn=(74)
calls=9 -74 
* 1500
* 36
-54 36
-1 54
cfi=(38)
cfn=(124)
calls=9 +12 
* 45
* 9
fi=(39)
+22 35
+1 77
+3 28
fi=(37)
+39 36
cfi=(26)
cfn=(72)
calls=4 33 
* 124
+3 12
fe=(22)
1233 12

fn=(78)
433 8
+2 1
-2 9
+5 1
cfi=(17)
cfn=(80)
calls=1 -84 
* 238
* 4
-66 3
cfi=(28)
cfn=(76)
calls=1 24 
* 23
* 2
+4 2
cfi=(29)
cfn=(82)
calls=1 40 
* 94
* 1
+68 2
cfi=(11)
cfn=(22)
calls=1 66 
* 16
+4 1
-4 1
+4 1
+22 15
+1 8
+55 2
+2 2
cob=(2)
cfi=(16)
cfn=(84) 0x0000000004000ab0
calls=1 0 
* 7
* 2
-90 1
cfi=(17)
cfn=(80)
calls=1 -84 
* 6
* 3
+94 1
+3 9
-46 2
+4 2
-1 4
cfi=(17)
cfn=(40)
calls=1 94 
* 29
* 1
+3 1
-3 1
+3 2
+5 1
+1 2
-2 1
+2 1
cfi=(25)
cfn=(70)
calls=1 61 
* 31
+3 1
-3 1
+1 1
+2 1
+6 2
+1 1
-1 2
+1 13
+1 11
-1 2
+3 2
+1 3
+7 1
+1 1
-1 2
-67 6
+8 1
-3 3
+3 2
+26 2
-34 2
+65 2
-9 2

fn=(108)
1695 220
+39 20
-39 60
+39 78
+31 80
cfi=(24)
cfn=(110)
calls=20 84 
* 144
+2 20
-2 20
+2 29
+10 9
+1 18
+5 72
cfi=(24)
cfn=(112)
calls=9 84 
* 45
+2 18
+2 9
+2 9
-2 18
+2 9
+6 18
+16 36
cfi=(14)
cfn=(30)
calls=9 24 
* 234
* 81
cfi=(14)
cfn=(30)
calls=9 24 
* 324
* 18
+74 18
+5 18
+2 36
+6 18
+11 18
+6 9
+1 9
-1 36
+1 9
-1 9
+1 18
+1 27
+20 421
+2 149
+4 36
+1 27
+12 63
+4 27
+5 5
+1 5
-13 20
cfi=(14)
cfn=(30)
calls=5 24 
* 125
* 36
cfi=(14)
cfn=(30)
calls=9 24 
* 270
* 28
+16 10
+3 35
+3 15
+1 25
-39 9
+67 83
-23 11
+23 77
1804 8
+7 8
cfi=(14)
cfn=(30)
calls=2 24 
* 48
* 4

fl=(33)
fn=(100)
26 23
+9 23
+1 46
+1 23
+4 23
+1 23
+1 23
+1 23
+1 23
+2 46
+2 23
+1 23
+1 23
+2 46
+2 23
+4 23
+1 23

fl=(29)
fn=(82)
40 40
+1 10
cfi=(11)
cfn=(22)
calls=10 +25 
* 322
* 10
+1 20
cfi=(17)
cfn=(40)
calls=10 +52 
* 290
* 10
+2 20
+4 10
-1 20
+1 20
-1 20
cfi=(18)
cfn=(46)
calls=10 +14 
* 380

fl=(42)
fn=(140)
185 72
+8 16
+3 24
+45 28
+6 16
+9 8
+6 16
-6 32
+6 8
cfi=(24)
cfn=(68)
calls=8 84 
* 72
+19 8
-19 8
+19 1134
cfn=(144) _dl_cache_libcmp
calls=71 138 
* 5585
* 333
-15 32
+15 86
cfn=(144)
calls=1 138 
* 127
* 40
cfn=(144)
calls=8 138 
* 769
* 58
-82 4
cfi=(34)
cfn=(142)
calls=1 45 
* 94
+8 1
-8 1
+8 4
+1 4
cfi=(14)
cfn=(30)
calls=1 24 
* 38
* 2
+7 1
-3 1
+3 3
+3 1
+1 2
-1 1
+1 1
+1 4
cfi=(14)
cfn=(30)
calls=1 24 
* 32
* 2
+61 168
+16 16
+4 16
+8 24
cfi=(11)
cfn=(22)
calls=8 66 
* 272
* 16
+1 8
-1 32
+1 16
cfi=(18)
cfn=(46)
calls=8 61 
* 433
+1 16
cfi=(29)
cfn=(82)
calls=8 40 
* 950
+1 64
-31 72

fn=(144)
138 240
+1 178
+2 888
+2 444
-2 444
+2 18
+6 9
+2 9
-1 9
-1 9
+1 9
+1 38
+1 6
-1 8
+2 47
+1 6
-1 8
+2 18
+6 870
+2 1598
+4 364
+1 364
-29 728
+32 27
-7 142

fn=(236) _dl_unload_cache
322 4
-1 1
+3 2
cfi=(38)
cfn=(238)
calls=1 84 
* 5
+1 1
+2 2

fl=(46) /build/glibc-9tT8Do/glibc-2.23/elf/dl-reloc.c
fn=(168) _dl_relocate_object
149 110
+15 11
-15 22
+15 11
+1 66
+6 22
+6 33
-18 22
+22 22
+7 11
-32 11
+32 11
+44 11
fi=(5)
76 33
fe=(46)
232 22
fi=(5)
76 33
+6 20
+4 30
+14 10
-8 10
+10 10
-2 20
+20 20
+9 3
fe=(46)
258 458
-98 60
fi=(5)
301 80
fe=(46)
-43 10
fi=(4) /build/glibc-9tT8Do/glibc-2.23/elf/do-rel.h
58 10
-10 10
-1 20
+11 10
-11 10
+11 10
fe=(46)
258 1
-98 6
fi=(5)
301 8
fe=(46)
-43 1
fi=(4)
58 1
-10 1
-1 2
+11 1
-11 1
+11 1
fe=(46)
258 11
fi=(4)
58 11
-10 11
-1 22
+11 11
-11 11
+11 11
+3 50
fi=(5)
528 902
+4 902
+2 1353
+1 451
fi=(4)
61 1413
+2 1892
+2 70
-4 6
+13 20
+1 10
+1 44
fi=(5)
528 22
+26 22
fi=(4)
75 22
fi=(5)
554 44
cob=(4)
cfi=(61)
cfn=(230)
calls=1 0 
* 8
cob=(4)
cfi=(61)
cfn=(228)
calls=1 0 
* 8
cob=(4)
cfi=(63)
cfn=(226)
calls=1 16 
* 5
cob=(4)
cfi=(65)
cfn=(224)
calls=1 25 
* 5
cob=(4)
cfi=(64)
cfn=(222)
calls=1 25 
* 5
cob=(4)
cfi=(63)
cfn=(220)
calls=1 10 
* 5
cob=(4)
cfi=(62)
cfn=(218)
calls=1 25 
* 5
cob=(4)
cfi=(61)
cfn=(216)
calls=1 0 
* 8
cob=(4)
cfi=(60)
cfn=(214)
calls=1 8 
* 5
cob=(4)
cfi=(59)
cfn=(212)
calls=1 25 
* 5
cob=(4)
cfi=(58)
cfn=(210)
calls=1 25 
* 5
cob=(4)
cfi=(57)
cfn=(208)
calls=1 25 
* 5
cob=(4)
cfi=(56)
cfn=(206)
calls=1 12 
* 8
cob=(4)
cfi=(55)
cfn=(204)
calls=1 9 
* 8
cob=(3)
cfi=(54) ???
cfn=(200) memcpy@GLIBC_2.2.5
calls=1 0 
* 18
cob=(3)
cfi=(53) /build/glibc-9tT8Do/glibc-2.23/time/../sysdeps/unix/sysv/linux/x86/gettimeofday.c
cfn=(196) gettimeofday
calls=1 37 
* 66
cob=(3)
cfi=(52) /build/glibc-9tT8Do/glibc-2.23/string/../sysdeps/x86_64/multiarch/strspn.S
cfn=(194) strspn
calls=1 30 
* 6
cob=(3)
cfi=(51) /build/glibc-9tT8Do/glibc-2.23/string/../sysdeps/x86_64/multiarch/strcspn.S
cfn=(192) strpbrk
calls=1 45 
* 6
cob=(3)
cfi=(47) /build/glibc-9tT8Do/glibc-2.23/string/../sysdeps/x86_64/multiarch/strcmp.S
cfn=(190) strncasecmp
calls=1 129 
* 5
cob=(3)
cfi=(51)
cfn=(188) strcspn
calls=1 45 
* 6
cob=(3)
cfi=(48) /build/glibc-9tT8Do/glibc-2.23/time/../sysdeps/unix/sysv/linux/x86/time.c
cfn=(182) time
calls=1 38 
* 66
cob=(3)
cfi=(47)
cfn=(180) strcasecmp
calls=1 109 
* 5
fi=(4)
75 22
fi=(5)
555 22
fi=(4)
75 28
fe=(46)
258 4
fi=(4)
75 40
fe=(46)
258 40
+3 44
+24 11
+3 22
+17 33
+2 88
fi=(4)
84 12
-1 12
+3 24
-3 12
+3 12
+12 36
+10 20
+3 29
fi=(5)
512 9
fi=(4)
112 18
fi=(5)
512 4569
fi=(4)
112 9102
fi=(5)
512 9102
+5 9120
+1 9120
fi=(4)
111 9120
fi=(5)
518 4560
fi=(4)
111 4560
+7 36
+6 11
-3 22
+3 31
fi=(5)
447 30
fi=(4)
127 1668
+9 834
+3 417
-3 417
+3 417
fi=(5)
269 417
fi=(4)
138 417
-2 417
+1 1668
fi=(5)
269 417
+21 834
+4 834
+7 9160
fi=(4)
137 399
fi=(5)
301 798
fi=(4)
137 399
fi=(5)
301 399
fi=(4)
137 399
fi=(5)
301 6384
cfi=(6)
cfn=(174)
calls=399 806 
* 271129
* 3192
+2 1209
+3 388
-3 776
+3 1164
+6 2502
fe=(46)
178 22
fi=(5)
435 1188
fi=(4)
124 1271
+19 20
fi=(5)
301 57
fi=(4)
108 3
fi=(5)
407 57
+4 95
+14 95
-72 3
+11 4
-19 2
+1 3
fe=(46)
-33 50
+3 10
-3 20
+3 10
+4 20
+1 40
cfi=(38)
cfn=(124)
calls=10 84 
* 50
* 30
fi=(5)
123 50
+6 40
fe=(46)
258 3
fi=(4)
129 22
fi=(5)
301 420
fi=(4)
160 7
+2 20
+8 10
+1 5
-1 5
+1 5
fi=(5)
+98 5
fi=(4)
-99 15
fi=(5)
+99 5
+21 10
+4 10
+7 180
cfi=(6)
cfn=(174)
calls=5 806 
* 3737
* 35
+2 15
+3 1
-3 2
+3 3
+6 30
435 15
fi=(4)
160 17
+14 2
fi=(5)
301 30
fe=(46)

fl=(2)
fn=(50)
688 20

fn=(154)
513 2
+2 4
cfi=(45)
cfn=(156)
calls=1 380 
* 25031
* 2
+4 2

fn=(102)
480 1
+2 1
-2 1
+3 8
cfi=(22)
cfn=(104)
calls=1 2167 
* 2358
* 1
+2 2

fn=(2)
337 9
+18 4
fi=(5)
59 1
fe=(2)
355 1
fi=(3)
45 1
fi=(5)
+14 2
fe=(2)
381 1
fi=(3)
45 1
fe=(2)
378 1
fi=(3)
45 1
+25 2
-3 1
-7 1
+5 1
+3 1
+2 1
-3 1
-3 1
-3 2
-13 26
+23 13
-26 39
+26 1
-26 3
+2 36
+13 20
+1 16
+10 4
-26 12
+33 2
+20 4
+1 4
+1 4
+1 4
+2 4
+5 4
+1 4
+1 4
+6 3
+5 2
+7 3
+1 3
+8 3
+2 3
+3 2
+1 2
fe=(2)
392 2
286 1
399 1
286 1
cfi=(6)
cfn=(10)
calls=1 956 
* 23
+1 2
+1 2
+1 2
+1 2
+8 1
+9 1
-9 3
+9 1
-6 1
-3 1
+9 1
cfi=(7)
cfn=(12)
calls=1 86 
* 475828
* 1
+9 1
+3 4
+4 1
-4 1
+4 1
424 9
fi=(3)
62 4
+3 4
fe=(2)
397 26
fi=(4)
84 1
+27 1
-28 1
+28 2
+1 2
fi=(5)
517 2
fi=(4)
112 18
fi=(5)
517 18
+1 20
fi=(4)
111 20
fi=(5)
518 10
fi=(4)
111 10
+5 2
+8 1
fi=(5)
312 1
fi=(4)
124 2
+12 1
+1 3
fi=(5)
266 1
fi=(4)
137 1
fi=(5)
294 1
fi=(4)
137 2
fi=(5)
294 1
fi=(4)
136 5
+1 15
fi=(5)
266 5
fi=(4)
137 5
fi=(5)
294 5
fi=(4)
137 10
fi=(5)
294 5
+9 12
+3 6
-3 12
+3 18
+6 36
fi=(3)
68 4
+2 3
fi=(5)
425 12
fi=(4)
124 19
fe=(2)

fn=(94) do_preload
654 4
+12 1
-12 2
+10 1
-4 1
+1 1
+5 4
-10 1
+6 1
+4 1
cfi=(32)
cfn=(96)
calls=1 163 
* 2434
+1 3
+10 3
+4 5

fn=(52)
694 20

fn=(162) init_tls
573 1
+6 1
-6 1
+2 2
+4 1
+10 4
cfi=(17)
cfn=(36)
calls=1 103 
* 38
* 1
+11 1
-5 1
-7 1
+6 1
+2 1
-1 1
+5 1
+2 1
-1 1
+1 24
+2 22
+4 2
+2 2
-2 4
-5 22
+9 3
+3 1
cfi=(31)
cfn=(164)
calls=1 138 
* 104
+7 1
cfi=(31)
cfn=(166)
calls=1 354 
* 439
+1 1
-1 1
+1 1
+6 1
+3 1
-3 1
+3 6
+3 1
+2 1
+1 2

fn=(26)
738 1
+19 1
-19 7
2353 1
738 3
+19 1
+3 1
-22 1
2348 1
760 1
+4 2
+1 2
+5 2
2346 2
+7 4
-4 1
+4 8
+2 2
cfi=(13)
cfn=(28)
calls=1 30 
* 80
* 4
cfi=(13)
cfn=(28)
calls=2 30 
* 389
* 9
+4 50
+1 19
-1 57
+3 4
+6 14
2514 3
+30 3
780 3
981 7
cfi=(15)
cfn=(32)
calls=1 61 
* 250
+2 1
-2 1
+2 1
+1 1
+1 1
+5 2
-5 1
+1 2
+4 1
cfi=(15)
cfn=(48)
calls=1 32 
* 33
+1 3
747 1
1020 1
-3 1
-5 1
+1 1
+2 1
+5 7
+56 5
-55 24
-1 27
+1 47
1123 5
+3 2
+2 2
+2 3
+13 3
+1 6
cfi=(19)
cfn=(54)
calls=1 144 
* 44
* 2
+7 1
+3 1
-5 1
+3 1
+2 1
+1 2
+4 2
+2 2
fi=(3)
30 1
+9 2
+6 1
-2 1
+2 2
+15 1
+5 1
+3 1
+2 1
-3 1
-3 1
-3 14
+10 3
-26 9
+16 21
+10 21
-26 63
+26 1
-26 3
+2 50
+13 16
+2 4
+16 3
+38 3
+5 2
+7 2
+1 3
+16 3
+14 3
+18 2
fe=(2)
1166 2
cfi=(6)
cfn=(10)
calls=1 956 
* 23
+3 2
fi=(20) /build/glibc-9tT8Do/glibc-2.23/elf/setup-vdso.h
24 2
fe=(2)
1191 1
cfi=(9)
cfn=(60)
calls=1 45 
* 85
* 8
-75 2
+1 2
+1 1
-6 2
+1 1
-88 3
+1 1
+50 2
-1 8
+2 4
+1 1
+3 2
+1 2
-1 2
+1 2
+1 2
+1 6
+1 2
-43 1
-2 2
+27 1
-25 2
+7 1
-10 1
+10 1
-19 3
+1 1
fi=(3)
65 4
+3 4
+2 4
fe=(2)
2442 4
cfi=(14)
cfn=(30)
calls=1 24 
* 31
* 2
+2 3
-55 4
cfi=(14)
cfn=(30)
calls=1 24 
* 18
* 2
+7 4
cfi=(14)
cfn=(30)
calls=1 24 
* 36
* 2
+2 3
1185 3
+11 2
cfi=(22)
cfn=(64)
calls=1 661 
* 1629
+3 3
cfi=(30)
cfn=(88)
calls=1 50 
* 17
+7 1
-7 1
+2 1
+5 1
+3 3
+1 1
+3 1
-3 3
+1 2
+3 1
+5 1
-7 1
+7 1
+1 5
+17 2
+1 2
+5 1
-3 4
+2 2
+1 3
+5 3
+1 5
+2 2
+1 2
+5 2
+5 1
753 1
1262 2
1439 1
cfi=(31)
cfn=(90)
calls=1 115 
* 4
* 1
+8 3
+3 1
+4 3
+5 1
+1 1
cfi=(30)
cfn=(92)
calls=1 74 
* 1
+1 1
+4 3
+15 3
+4 1
-2 1
+2 2
+31 3
cfi=(24)
cfn=(68)
calls=1 84 
* 9
* 2
+77 1
1481 1
1592 3
+17 3
+1 1
-1 1
+1 2
-1 1
+1 5
cfi=(40)
cfn=(132)
calls=1 161 
* 57967
+1 1
+2 2
+3 1
-3 3
+3 1
-3 1
+3 3
+1 4
-1 2
+1 40
-1 20
+4 3
+1 3
+1 1
+2 2
+1 6
-1 7
+1 11
-1 9
-28 5
+1 1
-1 3
+4 3
+1 1
+1 2
+1 3
+34 1
+1 2
-1 1
+1 1
+2 1
+2 4
+2 1
-4 1
+5 1
-1 2
+14 2
+1 2
+1 3
+2 2
+1 1
-28 1
+28 1
+8 1
+2 1
-2 1
+2 2
-1 1
+1 1
-2 3
+2 1
cfi=(32)
cfn=(152)
calls=1 205 
* 25071
+10 1
+1 1
-1 1
+1 1
+1 1
cfn=(162)
calls=1 573 
* 698
* 1
+2 2
703 1
+2 3
fi=(140) /build/glibc-9tT8Do/glibc-2.23/elf/../sysdeps/unix/sysv/linux/dl-osinfo.h
77 1
fe=(2)
714 1
+7 1
-5 1
1692 3
1922 3
2092 4
+2 1
+5 3
cfi=(31)
cfn=(232)
calls=1 450 
* 333
+3 2
+9 3
+2 2
+15 1
+2 1
-2 2
+3 1
-3 1
+3 1
-3 1
+3 3
cfi=(46)
cfn=(168)
calls=1 149 
* 4630
+1 1
+2 6
+8 1
cfi=(7)
cfn=(234)
calls=1 256 
* 1
+4 3
+20 3
cfi=(30)
cfn=(88)
calls=1 50 
* 8
+1 1
-1 1
+2 1
cfi=(30)
cfn=(92)
calls=1 74 
* 1
+1 1
+4 1
cfi=(42)
cfn=(236)
calls=1 322 
* 15
+5 8
2043 3
+7 1
+2 3
+19 1
-19 4
+2 1
+2 33
+5 22
+2 22
+6 11
+2 22
+1 80
cfi=(46)
cfn=(168)
calls=10 149 
* 378944
+4 37
-22 24
+25 1
+2 5
+6 1
-6 1
+6 1
-10 4
cfi=(31)
cfn=(202)
calls=2 890 
* 40
* 2
-12 1
+1 1
-3 2
-85 1
+11 1
-7 1
-4 1
+4 3
+4 2
+3 1
1491 2
cfi=(11)
cfn=(22)
calls=1 66 
* 34
* 8
cfi=(18)
cfn=(46)
calls=1 61 
* 69
* 1
+3 6
+3 3
cfi=(17)
cfn=(80)
calls=1 354 
* 766
* 3
cfi=(17)
cfn=(80)
calls=1 354 
* 6
* 6
+1 2
+1 3
+2 4
cfn=(94)
calls=1 654 
* 2462
* 2
+2 1
+2 6

fn=(98)
648 50

fl=(41)
fn=(138)
34 4
-1 4
+1 4
+1 24
+4 1
-4 12

ob=(8)
fl=(91)
fn=(364)
0 17

ob=(9)
fl=(92)
fn=(384)
0 12
cob=(1)
cfi=(71)
cfn=(262)
calls=1 64 
0 4839
0 5
0 1
cob=(1)
cfi=(71)
cfn=(262)
calls=1 64 
0 1292
0 5
0 6
cob=(1)
cfi=(71)
cfn=(262)
calls=1 64 
0 1193
0 5
0 6
cob=(1)
cfi=(71)
cfn=(262)
calls=1 64 
0 1221
0 5
0 4
cob=(1)
cfi=(71)
cfn=(262)
calls=1 64 
0 1291
0 5
0 7
cob=(1)
cfi=(71)
cfn=(262)
calls=1 64 
0 1230
0 5
0 2
cob=(1)
cfi=(71)
cfn=(262)
calls=1 64 
0 2050
0 5
0 7
cob=(1)
cfi=(71)
cfn=(262)
calls=1 64 
0 74100
0 5
0 3
cob=(1)
cfi=(71)
cfn=(262)
calls=1 64 
0 1292
0 5
0 1
cob=(1)
cfi=(71)
cfn=(262)
calls=1 64 
0 1246
0 5

fn=(594)
0 2

fn=(506)
0 19
cob=(3)
cfi=(99)
cfn=(464)
calls=1 26 
0 3
0 1
0 15
cob=(1)
cfi=(71)
cfn=(263)
calls=1 64 
0 1968
0 5
0 2
cob=(1)
cfi=(71)
cfn=(263)
calls=1 64 
0 60820
0 5
0 3
cob=(1)
cfi=(71)
cfn=(263)
calls=1 64 
0 1240
0 5
0 20
cob=(1)
cfi=(71)
cfn=(263)
calls=1 64 
0 2785
0 5
0 10
cob=(1)
cfi=(71)
cfn=(263)
calls=1 64 
0 1139
0 5
0 2
cob=(1)
cfi=(71)
cfn=(263)
calls=1 64 
0 1225
0 5
0 14
cob=(1)
cfi=(71)
cfn=(263)
calls=1 64 
0 821
0 5
0 5
cob=(1)
cfi=(71)
cfn=(263)
calls=1 64 
0 876
0 5
0 3
cob=(1)
cfi=(71)
cfn=(263)
calls=1 64 
0 1732
0 5
0 10
cob=(3)
cfi=(131)
cfn=(586)
calls=1 34 
0 557
0 1
0 4

fn=(580)
0 17

fn=(394)
0 5
cob=(1)
cfi=(71)
cfn=(263)
calls=1 64 
0 2131
0 5
0 5
cob=(1)
cfi=(71)
cfn=(263)
calls=1 64 
0 1872
0 5
0 4

fn=(376)
0 17

fn=(400)
0 5
cob=(1)
cfi=(71)
cfn=(263)
calls=1 64 
0 1311
0 5

ob=(3)
fl=(110) /build/glibc-9tT8Do/glibc-2.23/misc/tsearch.c
fn=(492) tfind
308 2
-3 6
+8 3
+12 1
-16 1
+16 3

fl=(139) /build/glibc-9tT8Do/glibc-2.23/signal/../sysdeps/unix/sysv/linux/raise.c
fn=(644) raise
30 1
+1 2
+1 2
+19 2

fl=(137)
fn=(638)
51 1
+5 10
+5 1
-5 1
+5 2
+3 20
+2 1
-2 1
+2 1
-3 1
fi=(141) /build/glibc-9tT8Do/glibc-2.23/stdlib/../sysdeps/unix/sysv/linux/bits/sigset.h
+54 1
fe=(137)
-51 1
cfi=(138) /build/glibc-9tT8Do/glibc-2.23/signal/../sysdeps/unix/sysv/linux/x86_64/sigprocmask.c
cfn=(640) sigprocmask
calls=1 -30 
* 7
* 1
+5 2
+3 1
-1 1
+1 1
cfi=(115) /build/glibc-9tT8Do/glibc-2.23/libio/genops.c
cfn=(642) _IO_flush_all_lockp
calls=1 760 
* 90
* 1
+4 2
+9 1
-1 1
+1 6
+2 2
cfi=(139)
cfn=(644)
calls=1 -59 
* 7

fl=(123) /build/glibc-9tT8Do/glibc-2.23/elf/dl-addr.c
fn=(544) _dl_addr
126 9
+5 1
-5 2
+5 2
cob=(5)
cfi=(124) /build/glibc-9tT8Do/glibc-2.23/nptl/../nptl/pthread_mutex_lock.c
cfn=(546) pthread_mutex_lock
calls=1 -67 
* 36
+2 2
cob=(1)
cfi=(71)
cfn=(263)
calls=1 -69 
* 1464
* 5
+2 2
30 1
+1 1
-1 1
+1 1
+3 2
+5 1
+6 1
-7 1
+2 2
+2 1
-2 1
+2 1
+3 1
+5 8
+2 1
+1 2
-1 1010
+1 2020
+2 3628
+9 2010
+7 24
-2 24
+2 2259
-2 2211
+2 5750
-10 11175
+2 8940
+1 14318
+7 1011
-21 2022
+49 3
+1 1
+1 3
+3 2
+37 2
cob=(5)
cfi=(126) /build/glibc-9tT8Do/glibc-2.23/nptl/pthread_mutex_unlock.c
cfn=(556) pthread_mutex_unlock
calls=1 39 
* 28
+3 9
-28 1
+1 1
+21 2

fl=(76)
fn=(286)
85 12
+2 4
-2 2
+2 8
-41 4
+7 8
+1 9
+19 6
+18 2
-17 2
+1 2
+16 4
+3 2
+1 2
+1 2
+1 4
+18 4
+1 12
-13 8
+2 4
+1 4
-1 2
+1 6

fl=(102) /build/glibc-9tT8Do/glibc-2.23/intl/dcgettext.c
fn=(476) dcgettext
46 1
+1 4
cfi=(103) /build/glibc-9tT8Do/glibc-2.23/intl/dcigettext.c
cfn=(478) __dcigettext
calls=1 488 
* 840

fl=(99)
fn=(464)
26 4
+1 2

fl=(127) /build/glibc-9tT8Do/glibc-2.23/malloc/morecore.c
fn=(564) __default_morecore
46 2
+1 2
cfi=(128) /build/glibc-9tT8Do/glibc-2.23/misc/sbrk.c
cfn=(566) sbrk
calls=2 -13 
* 73
+1 6
+4 4

fl=(133)
fn=(600)
29 4
+4 1
+1 1
-1 5
+1 1
cfi=(114)
cfn=(512)
calls=1 -3 
* 1519
+4 2

fl=(108) /build/glibc-9tT8Do/glibc-2.23/string/../sysdeps/x86_64/strlen.S
fn=(488) strlen
66 7
+1 7
+1 7
+1 7
+1 7
+1 7
+1 7
+2 7
+2 7
+30 6
+1 6
+1 6
+1 6
+1 6
+1 3
+1 3
+4 3
+1 3
+1 3
+1 3
+1 3
+1 3
+1 3
+1 3
+1 3
+1 3
+1 3
+1 3
+5 24
+4 1
+1 14
+1 8

fl=(101) /build/glibc-9tT8Do/glibc-2.23/string/_strerror.c
fn=(474) strerror_r
38 10
+1 4
+1 2
-1 2
+32 3
cfi=(102)
cfn=(476)
calls=1 -25 
* 845
+1 8

fl=(75)
fn=(284)
44 1
+2 1
+3 1
-5 1
+5 4
cfi=(76)
cfn=(286)
calls=1 +36 
* 53
* 1
+19 2
+3 3
+1 1
-4 3
+3 159
+1 53
-4 159
+12 1
-6 1
+6 2

fl=(83) /build/glibc-9tT8Do/glibc-2.23/string/../sysdeps/x86_64/strrchr.S
fn=(308) rindex
24 2
+1 2
+1 2
+1 2
+1 2
+1 2
+1 2
+1 2
+1 2
+1 2
+1 2
+1 2
+1 2
+1 2
+1 2
+1 2
+1 2
+1 1
+1 1
+1 1
+1 1
+1 1
+1 1
+1 1
+4 1
+1 1
+1 1
+1 1
+1 1
+1 1
+1 1
+1 1
+1 1
+1 1
+1 1
+1 1
+1 1
+1 1
+1 1
+1 1
+1 1
+1 1
+1 1
+1 1
+1 1
+1 1
+1 1
+1 1
+1 1
+1 1
+1 1
+1 1
+1 1
+1 1
+1 1
+1 1
+1 1
+1 1
+1 1
+1 1
+1 1

fl=(85)
fn=(314) handle_intel
262 4
-1 4
+17 2
-17 12
+14 2
+1 4
-3 6
+23 8
cfn=(316) intel_check_word
calls=2 133 
* 664
+1 4
+3 10
cfn=(316)
calls=2 133 
* 238
+1 4
-17 4
+5 2
-5 6
+5 2
+2 2
+1 2
-1 4
+27 16

fn=(316)
133 8
+6 4
-7 20
+7 16
-7 4
+7 4
+2 4
-2 4
+2 4
+68 8
+3 24
-69 4
+2 8
-2 6
+2 12
+8 20
+51 16
+22 8
fi=(86) /build/glibc-9tT8Do/glibc-2.23/string/../bits/stdlib-bsearch.h
27 8
+1 16
+3 16
+1 8
fe=(85)
+89 16
fi=(86)
-90 12
+1 6
fe=(85)
+89 12
+3 54
fi=(86)
-95 46
+2 46
-2 46
+2 80
+1 40
fe=(85)
+89 80
251 8
141 16
-6 2
256 24
fi=(86)
37 8
-8 18
fe=(85)
165 6
+3 6
+4 4
+2 4
+1 14
+2 7
-12 2
+12 2
+1 10
+1 10
+1 6
+17 3
-32 9
+3 9
+4 6
+2 6
+1 12
+2 12
+5 2
+2 4
+2 32

fn=(312)
482 2
+12 1
-12 3
+12 3
+2 4
cfn=(314)
calls=1 262 
* 454
+4 2
-4 1
+4 1
cfn=(314)
calls=1 262 
* 546
+2 1
-2 1
-1 1
+3 1
+9 2
+2 1
+1 1
+2 1
+5 2
+9 4
-9 4
+9 16
-9 12
+6 8
+69 4
+1 5
+55 2
+2 1
+1 1
+2 1
-3 1
+5 1
-5 1
+4 3
+4 2
+2 1
+1 1
+2 1
-3 1
+5 1
-5 1
+4 2
+3 1
-3 1
+3 5
532 1
+32 1
-26 6
+7 5
+2 1
+1 1
+1 2
-4 4
+2 1
+1 1
+1 6
+2 2
-6 2
+6 2
+5 1
+2 2
+1 1
-1 1
+1 3
+6 1
-1 1
+1 5

fl=(100)
fn=(472)
30 2
+1 1
-1 1
+1 1
-1 1
+1 1
cfi=(101)
cfn=(474)
calls=1 +7 
* 874
+3 2
+9 4

fl=(47)
fn=(180)
109 1
+1 1
+1 1
+1 1
+10 1

fn=(190)
129 1
+1 1
+1 1
+1 1
+10 1

fl=(103)
fn=(478)
488 8
+22 1
-22 6
+22 1
+4 4
+9 3
+4 3
+9 1
+11 1
-1 1
-10 2
+11 1
-11 1
+12 1
+1 1
+4 1
-4 1
+4 1
cfi=(107) /build/glibc-9tT8Do/glibc-2.23/locale/localename.c
cfn=(486) __current_locale_name
calls=1 25 
* 5
* 3
cfi=(108)
cfn=(488)
calls=1 66 
* 16
* 8
cfi=(109) /build/glibc-9tT8Do/glibc-2.23/string/../sysdeps/x86_64/multiarch/../memcpy.S
cfn=(490) __GI_memcpy
calls=1 61 
* 19
+16 1
-16 1
+9 1
+7 2
+2 4
cfi=(110)
cfn=(492)
calls=1 308 
* 16
+2 1
-2 1
+2 2
+2 2
+28 4
+59 6
1553 1
cfi=(107)
cfn=(486)
calls=1 25 
* 5
+29 1
-29 1
+29 3
670 3
cfi=(108)
cfn=(488)
calls=1 66 
* 32
+1 1
-1 2
+1 1
cfi=(108)
cfn=(488)
calls=1 66 
* 16
* 1
+4 1
-4 4
+4 1
-4 1
+4 1
cfi=(112) /build/glibc-9tT8Do/glibc-2.23/string/../sysdeps/x86_64/multiarch/../strcpy.S
cfn=(496) __GI_stpcpy
calls=1 29 
* 91
* 6
cfi=(113) /build/glibc-9tT8Do/glibc-2.23/string/../sysdeps/x86_64/memcpy.S
cfn=(498) __GI_mempcpy
calls=1 61 
* 18
+5 1
-5 1
+5 1
cfi=(108)
cfn=(488)
calls=1 66 
* 16
* 3
+49 1
-49 1
+49 1
-49 2
+9 3
+2 2
+25 2
853 3
+17 3
+4 2
519 4
875 9
618 3
511 2
680 2
+24 3
-1 3
+6 1
-4 1
+4 4
+7 3
527 5
cob=(5)
cfi=(104) /build/glibc-9tT8Do/glibc-2.23/nptl/pthread_rwlock_rdlock.c
cfn=(480) pthread_rwlock_rdlock
calls=1 120 
* 95
+3 8
cob=(5)
cfi=(104)
cfn=(480)
calls=1 120 
* 95
* 1
+43 5
cob=(5)
cfi=(111) /build/glibc-9tT8Do/glibc-2.23/nptl/pthread_rwlock_unlock.c
cfn=(494) pthread_rwlock_unlock
calls=1 32 
* 39
* 2
-4 5
cob=(5)
cfi=(104)
cfn=(480)
calls=1 120 
* 95
* 1
853 5
cob=(5)
cfi=(111)
cfn=(494)
calls=1 32 
* 39
+2 8
cob=(5)
cfi=(111)
cfn=(494)
calls=1 32 
* 39
* 1

fl=(79)
fn=(300)
52 8
+6 3
+14 1
fi=(81) /build/glibc-9tT8Do/glibc-2.23/csu/../sysdeps/unix/sysv/linux/x86_64/init-first.c
-36 1
fe=(79)
+34 1
+1 1
fi=(81)
-35 3
fe=(79)
+36 1
fi=(81)
-36 3
fi=(80) /build/glibc-9tT8Do/glibc-2.23/csu/../sysdeps/generic/dl-hash.h
+12 3
+14 4
-17 3
+3 9
+14 12
-17 9
fi=(81)
-9 3
+2 2
-2 1
+2 2
cfi=(50) /build/glibc-9tT8Do/glibc-2.23/elf/../sysdeps/unix/sysv/linux/dl-vdso.c
cfn=(186) _dl_vdso_vsym
calls=1 -11 
* 6
+1 2
+5 2
-3 2
+1 1
+2 1
cfi=(50)
cfn=(186)
calls=1 -17 
* 6
fe=(79)
+42 3
fi=(81)
-41 2
+1 1
fe=(79)
+40 1
cfi=(82) /build/glibc-9tT8Do/glibc-2.23/misc/init-misc.c
cfn=(306) __init_misc
calls=1 -55 
* 48
+8 1
cfi=(84) /build/glibc-9tT8Do/glibc-2.23/ctype/ctype-info.c
cfn=(310) __ctype_init
calls=1 -63 
* 16
+5 6
-34 1
-7 1
+7 4
fi=(81)
-25 2
fe=(79)

fl=(82)
fn=(306)
31 2
-1 3
+1 4
+2 3
cfi=(83)
cfn=(308)
calls=1 -9 
* 24
+4 5
+1 3
+2 4

fl=(87)
fn=(320)
33 3
+1 1

fl=(109)
fn=(490)
61 2
+2 2
+2 2
+3 2
+1 2
+2 1
+1 1
+2 1
+1 1
+5 1
+1 1
-1 1
+1 1
+2 1
+1 1
+2 1
+1 2
+5 1
+1 1
-1 1
+1 1
+11 2
+1 2
+2 1
+1 1
+2 1
+1 1
+5 1
+1 1
-1 1
+1 2
+5 1
+1 1
+1 1
+1 1
+2 1
+2 1
+1 1
+2 1
+8 2

fl=(107)
fn=(486)
25 8
+1 2

fl=(134) /build/glibc-9tT8Do/glibc-2.23/stdio-common/_itoa.c
fn=(602) _itoa_word
168 4
+2 2
+9 38
+9 2

fl=(120)
fn=(558) _int_malloc
3347 3
-30 2
+30 1
-30 4
+30 3
-30 1
+30 3
+4 3
+14 2
+37 2
+2 3
+1 3
+2 1
-2 1
+2 2
+2 2
+39 2
cfn=(560) malloc_consolidate
calls=1 4142 
* 651
3817 14
-2 1
+2 1
-2 1
+2 2
5000 1
3815 1
+2 1
5002 1
3817 1
5002 1
3817 3
5002 2
3817 4
5000 2
3467 5
3831 9
3601 2
+73 2
+1 2
+1 2
+1 2
+1 2
+5 2
+4 3
+3 4
-3 3
+3 4
-3 2
+3 3
3790 1
+3 1
-2 2
+2 2
+17 2
1877 4
3825 3
cfn=(562) sysmalloc
calls=1 2266 
* 249
+1 2

fn=(560)
4142 2
4994 4
1806 3
-3 2
+3 378
-3 252
+7 3
+5 1
+2 1
-2 2
-1 3

fn=(536) malloc
2900 3
+5 2
+1 2
+1 1
+20 3
-20 1
cfi=(121) /build/glibc-9tT8Do/glibc-2.23/malloc/hooks.c
cfn=(538) malloc_hook_ini
calls=1 29 
* 59577

fn=(618) _int_free
3839 9
+13 1
-13 1
+13 2
+6 4
+1 2
+11 4
+13 2
+11 4
+1 3
1884 1
3919 1
1884 2
3921 3
+1 2
+4 1
-4 1
+1 1
+9 7
+9 4
+2 1
+2 6
4103 8
3947 4

fn=(616)
2932 5
+5 2
+1 2
+6 2
+5 1
-2 1
+2 2
+16 3
+1 2
cfn=(618)
calls=1 3839 
* 74
+1 6

fn=(562)
2266 8
+20 1
+11 1
-11 1
+11 1
+1 5
fi=(122) /build/glibc-9tT8Do/glibc-2.23/malloc/arena.c
488 3
fe=(120)
2313 5
+65 1
+1 3
+10 1
-9 1
+9 5
+6 4
+3 3
2721 2
+1 1
+8 4
+5 1
-3 1
+3 1
-2 1
+2 3
+1 1
-1 1
-1 1
+4 1
-3 2
+1 1
+8 9
2461 1
-8 4
+8 1
+21 5
cfi=(127)
cfn=(564)
calls=1 46 
* 62
* 1
+1 1
+3 4
+3 2
+1 2
+20 2
+26 2
+2 2
+6 1
-6 1
+6 1
2319 1
2462 1
+10 5
+8 1
-8 1
+8 1
+67 7
+37 2
+6 3
+19 1
+3 2
+1 5
+2 1
-2 1
+2 1
+1 3
cfi=(127)
cfn=(564)
calls=1 46 
* 25
+12 2
+8 1
+1 1
-1 2
+1 2
+39 1
+1 1
-2 1
+1 3
+12 1
-12 1
+1 1
+11 1
2537 5

fl=(94)
fn=(428)
71 6
+4 5

fn=(418)
58 2

fl=(114)
fn=(512)
31 14
+5 4
+11 8
-5 2
+5 8
+6 12
cfi=(115)
cfn=(514) _IO_no_init
calls=2 599 
* 88
+1 2
+5 2
-5 2
+1 2
+4 2
+1 2
+2 10
cfi=(116) /build/glibc-9tT8Do/glibc-2.23/libio/strops.c
cfn=(518) _IO_str_init_static_internal
calls=2 -26 
* 106
+1 8
cfi=(117) /build/glibc-9tT8Do/glibc-2.23/stdio-common/vfprintf.c
cfn=(522) vfprintf
calls=2 1236 
* 1931
+2 6
+1 4
+2 16

fl=(74) /build/glibc-9tT8Do/glibc-2.23/elf/dl-tsd.c
fn=(278) __libc_dl_error_tsd
48 2
+1 1

fl=(51)
fn=(192)
45 1
+1 1
+1 1
+1 1
+1 1
+1 1

fn=(188)
45 1
+1 1
+1 1
+1 1
+1 1
+1 1

fl=(138)
fn=(640)
36 6
+1 1

fl=(98) /build/glibc-9tT8Do/glibc-2.23/signal/../sysdeps/unix/sysv/linux/x86_64/sigaction.c
fn=(454) __libc_sigaction
47 2
+4 2
-4 2
+4 2
+3 4
-1 2
+1 4
-1 2
+1 56
+1 2
-1 2
+1 2
+7 2
-7 4
+2 4
+5 21
+3 4
+3 1
-1 1
+1 2
-1 1
+1 28
+1 1
-1 1
+1 1
+1 2
+3 2
-11 4
+11 2
-11 2

fl=(113)
fn=(498)
61 2
+4 2
+3 2
+1 2
+11 2
+1 2
+11 2
+1 2
+2 2
+1 2
+2 2
+1 2
+5 2
+1 2
+11 2
+1 2
+21 2
+4 2
+12 1
+2 1
+1 1
+26 1
+1 1
+3 1
+1 1
+1 1
+5 1
+2 1
+1 1
+1 1
+1 1
+2 1
+1 1
+1 1
+1 1
+2 1
+1 1
+2 1
+22 1
+2 1

fl=(115)
fn=(526) _IO_default_xsputn
425 24
-3 100
+8 40
+2 30
+3 20
+10 27
+5 27
-1 18
+1 165
-1 110
+2 27
+2 9
+2 18
-2 1
+2 2
-17 2
+5 1
-5 1
cfi=(113)
cfn=(498)
calls=1 61 
* 40
* 2
+21 10
+1 10
-1 10
+1 54

fn=(516) _IO_old_init
586 2
-16 2
+1 2
+15 2
+5 2
-21 2
+2 2
+1 2
+1 2
+17 2
-16 2
+1 2
+1 2
+1 2
+1 2
+1 2
+2 2
+1 2
+1 2
+1 2
+6 2
+1 2

fn=(514)
599 18
+1 2
cfn=(516)
calls=2 -14 
* 44
+3 2
-2 2
+2 2
+22 2
+1 12
-3 4

fn=(520) _IO_setb
380 6
+1 8
+3 2
+2 8
-3 2
+3 4
+3 6

fn=(642)
760 8
+6 3
+11 2
+16 2
-17 2
-1 2
+1 3
-1 1
+1 1
+3 9
+10 6
+4 3
-2 3
+2 6
+7 3
-27 6
+31 2
+2 2
+4 9
-38 1
-6 1
+5 1
+2 2
+6 12

fl=(131)
fn=(586)
34 16
+1 2
cfi=(108)
cfn=(488)
calls=2 +31 
* 68
* 2
+4 14
+3 4
+49 18
-24 2
+6 2
+2 2
-3 2
+3 580
+9 296
cfi=(132) /build/glibc-9tT8Do/glibc-2.23/string/../sysdeps/x86_64/multiarch/../strcmp.S
cfn=(588) __GI_strncmp
calls=2 +54 
* 100
* 4

fl=(121)
fn=(538)
29 4
fi=(122)
260 1
fe=(121)
30 1
fi=(122)
260 1
fe=(121)
30 1
fi=(122)
260 1
fi=(120)
2909 7
+2 3
cfn=(558)
calls=1 3347 
* 1038
+3 1
-3 1
+3 1
+8 4
+2 11
fe=(121)
33 4
fi=(120)
2909 6
+12 1
cfi=(122)
cfn=(542) ptmalloc_init.part.5
calls=1 258 
* 58488
* 1
-15 2
fe=(121)

fl=(48)
fn=(182)
38 1
-1 1
+1 6
fi=(49) /build/glibc-9tT8Do/glibc-2.23/time/../sysdeps/generic/dl-hash.h
+10 3
+14 4
-17 3
+3 9
+14 12
-17 9
fe=(48)
-7 3
+3 2
-3 1
+3 1
cfi=(50)
cfn=(186)
calls=1 -14 
* 6
+1 3
+1 2

fl=(132)
fn=(588)
138 2
+1 2
+1 2
+1 2
+1 2
+2 2
+1 2
+2 2
+1 2
+21 2
+1 2
+1 1
+1 1
+46 2
+1 2
+1 2
+1 2
+1 2
+1 2
+1 2
+1 2
+1 2
+5 2
+1 2
+1 2
+1 2
+1 2
+1 2
1321 1
+1 1
+1 1
+1 1
+1 1
+2 1
+1 1
+1 1
+1 1
+1 1
+1 1
+1 1
2071 1
+1 1
+1 1
+1 1
+1 1
+2 1
+1 1
+1 1
+1 1
+1 1
+1 1
+1 1
2202 2
+1 2
+1 2
+1 2
+6 2
+3 2
+1 2
+2 2
+1 2
+8 2
+1 2

fl=(53)
fn=(196)
37 1
-1 1
+1 6
fi=(49)
+11 3
+14 4
-17 3
+3 9
+14 12
-17 9
fe=(53)
-8 3
+3 2
-3 1
+3 1
cfi=(50)
cfn=(186)
calls=1 -13 
* 6
+1 3
+1 2

fl=(116)
fn=(518)
36 16
+4 4
+6 10
cfi=(115)
cfn=(520)
calls=2 380 
* 36
+5 2
-3 2
+1 2
+1 2
+1 2
+2 2
+1 2
+1 2
+9 2
+1 12
-23 2
+1 8

fl=(117)
fn=(522)
1236 16
+31 6
+8 6
+4 10
+11 10
+11 2
fi=(142) /build/glibc-9tT8Do/glibc-2.23/stdio-common/printf-parse.h
108 6
fe=(117)
1316 2
-15 10
fi=(142)
108 2
cfi=(118) /build/glibc-9tT8Do/glibc-2.23/string/../sysdeps/x86_64/strchr.S
cfn=(524) strchrnul
calls=2 -84 
* 64
fe=(117)
1316 2
fi=(142)
108 2
fe=(117)
1312 2
+4 4
+4 16
cfi=(115)
cfn=(526)
calls=2 425 
* 142
* 8
1685 4
+1 4
+2 2
+1 16
1275 4
+45 4
+4 2
-4 2
+4 4
+4 24
1552 4
-21 4
1632 4
-1 4
1370 75
-7 5
-1 5
-3 5
-1 5
+8 5
+4 5
-3 5
-10 5
-1 5
-1 5
-1 5
-1 5
+14 5
-15 5
-1 5
-1 5
-1 5
+18 10
1649 5
+2 10
+8 5
fi=(142)
108 10
fe=(117)
1659 5
fi=(142)
108 5
fe=(117)
1659 5
fi=(142)
108 10
cfi=(118)
cfn=(524)
calls=5 -84 
* 100
fe=(117)
1663 5
-4 5
+4 55
cfi=(115)
cfn=(526)
calls=5 425 
* 181
* 65
+2 12
-34 59
cfi=(115)
cfn=(526)
calls=1 425 
* 53
* 10
+1 10
-1 12
cfi=(134)
cfn=(602)
calls=1 168 
* 46
* 33
+1 40
cfi=(115)
cfn=(526)
calls=4 425 
* 372
* 40
-1 16
+1 200

fl=(95)
fn=(440)
26 2
fi=(96) /build/glibc-9tT8Do/glibc-2.23/signal/../sysdeps/unix/sysv/linux/bits/sigset.h
+92 1
fe=(95)
-86 2
fi=(96)
+86 1
fe=(95)
-86 1
+11 1
-11 12
+12 1

fl=(52)
fn=(194)
30 1
+1 1
+1 1
+1 1
+1 1
+1 1

fl=(136)
fn=(628) __bsd_signal.part.0
29 2
+12 3
-1 1
+1 2
fi=(96)
+75 1
fe=(136)
-75 17
fi=(96)
+76 2
fe=(136)
-72 1
fi=(96)
+72 4
fe=(136)
-73 1
+1 1
-1 4
+1 1
cfi=(97)
cfn=(452)
calls=1 -11 
* 105
+3 3
+1 2

fn=(626)
34 6
cfn=(628)
calls=1 -5 
* 150

fl=(130)
fn=(574)
29 1
-3 1
+3 4
+5 2
cfi=(83)
cfn=(308)
calls=1 -10 
* 54
+2 2
+5 2
+25 1
+5 3

fl=(119)
fn=(532)
40 4
+1 1
cfi=(108)
cfn=(488)
calls=1 +25 
* 34
* 1
+1 2
cob=(2)
cfi=(16)
cfn=(534) 0x00000000053dd8a0
calls=1 -42 
* 59590
+2 2
+4 1
-1 2
+1 2
-1 2
cfi=(109)
cfn=(490)
calls=1 +14 
* 31

fl=(73)
fn=(274)
84 4
+1 1

fl=(54)
fn=(200)
0 18

fl=(122)
fn=(542)
258 6
+13 1
-8 1
+8 1
+6 3
+2 5
+16 2
-56 72
-18 219
+2 144
+1 4
+1 2
340 2
+6 2
+1 2
+2 1
+1 7
-78 5
cfi=(123)
cfn=(544)
calls=1 126 
* 58003
* 2
+1 4

fl=(84)
fn=(310)
31 5
+2 1
+2 1
-4 1
+4 1
-4 1
+2 3
+2 3

fl=(128)
fn=(566)
34 2
+8 2
-8 6
+8 9
+4 4
+4 6
+12 5
-19 2
cfi=(129) /build/glibc-9tT8Do/glibc-2.23/misc/../sysdeps/unix/sysv/linux/x86_64/brk.c
cfn=(568) brk
calls=1 -12 
* 12
* 4
+15 2
cfi=(129)
cfn=(568)
calls=1 -27 
* 12
* 2
+4 5

fl=(97)
fn=(452)
34 6
+6 2
cfi=(98)
cfn=(454)
calls=2 +7 
* 165

fl=(129)
fn=(568)
31 16
+8 2
-6 4
+7 2

fl=(135)
fn=(608)
84 2
cfn=(610) __write_nocancel
calls=1 * 
* 5

fn=(610)
84 5

fl=(118)
fn=(524)
24 7
+1 7
+1 7
+1 7
+1 7
+1 7
+1 7
+1 7
+1 7
+1 7
+1 7
+1 7
+1 7
+1 7
+1 7
+1 7
+1 7
+1 6
+2 6
+7 6
+4 1
+1 1
+1 1
+1 1
+1 1
+1 1
+1 1
+1 1
+1 1
+1 1
+1 1
+1 1
+1 1
+1 1
+1 1
+1 1
+1 1
+1 1
+1 1
+1 1
+1 1
+1 1
+1 1
+1 1
+52 1
+2 1
+7 1

fl=(50)
fn=(186)
27 8
+4 8
-3 8

fl=(112)
fn=(496)
29 1
+1 1
+1 1
+2 1
+2 1
+1 1
+3 1
+1 1
+1 1
+1 1
-3 4
+1 4
+1 4
+1 4
+1 5
+1 5
+1 5
+1 5
+3 1
+8 1
+1 1
+1 1
+1 1
+3 1
+1 1
+1 1
+1 1
+3 1
+66 4
+1 4
+1 4
+1 3
+1 3
+1 3
+1 3
+1 3
+1 3
+1 3
+4 1
+4 1

ob=(2)
fl=(16)
fn=(84)
0 1
cob=(1)
cfi=(17)
cfn=(86)
calls=1 120 
0 6

fn=(534)
0 1
cob=(3)
cfi=(120)
cfn=(536)
calls=1 2900 
0 59589

fn=(276) 0x0000000005b9ea10
0 1
cob=(3)
cfi=(74)
cfn=(278)
calls=1 48 
0 3

fn=(322)
0 6

fn=(336)
0 6

fn=(246)
0 2
cob=(5)
cfi=(67) /build/glibc-9tT8Do/glibc-2.23/nptl/nptl-init.c
cfn=(248) __pthread_initialize_minimal
calls=1 301 
0 4579
0 2

fn=(360)
0 6

fn=(372)
0 6

ob=(7)
fl=(90)
fn=(340)
0 32
cfn=(342) 0x0000000000002c60
calls=1 0 
0 20
0 13
cfn=(342)
calls=1 0 
0 20
0 33
cfn=(346) 0x0000000000002a70
calls=1 0 
0 127
0 10

fn=(342)
0 40

fn=(346)
0 127

fn=(352)
0 17

ob=(5)
fl=(104)
fn=(480)
120 3
+4 3
-4 3
+4 12
+2 3
+2 9
+7 12
+3 9
+2 9
+4 15
+8 3
-30 3
-1 3
+38 6
+10 9
+2 6
-43 9
fi=(105) /build/glibc-9tT8Do/glibc-2.23/nptl/../sysdeps/unix/sysv/linux/x86/hle.h
-75 6
fi=(106) /build/glibc-9tT8Do/glibc-2.23/nptl/../sysdeps/x86/elide.h
-22 18
+2 18
+12 36
+1 3
fe=(104)
+82 18
fi=(105)
-75 18
fe=(104)
+75 24
+46 3
+4 6
-17 9
-39 3
-1 6

fl=(124)
fn=(546)
64 1
+3 3
+2 1
+2 3
+4 3
+81 1
+3 1
+2 1
+3 1
+2 1
+1 2
-83 2
+11 4
+4 1
+3 2
+13 4
+2 3
+1 2

fl=(67)
fn=(248)
301 2
fi=(68) /build/glibc-9tT8Do/glibc-2.23/nptl/../sysdeps/unix/sysv/linux/pthread-pids.h
29 1
fe=(67)
301 1
+14 1
-14 1
fi=(68)
29 4
fe=(67)
317 2
+1 1
+4 3
+6 1
+4 1
+4 2
-8 1
+2 1
+6 1
+48 3
+3 1
fi=(143) /build/glibc-9tT8Do/glibc-2.23/nptl/../include/list.h
60 1
fe=(67)
387 1
+1 1
fi=(143)
60 1
+1 1
+1 1
+2 1
fe=(67)
392 2
+4 4
+8 1
-1 1
-7 18
+6 1
+2 2
-2 1
+2 1
cfi=(69) /build/glibc-9tT8Do/glibc-2.23/nptl/../sysdeps/unix/sysv/linux/x86_64/sigaction.c
cfn=(252) __libc_sigaction
calls=1 47 
* 62
+5 1
+2 3
-1 1
-1 1
+2 1
cfi=(69)
cfn=(252)
calls=1 47 
* 62
fi=(70) /build/glibc-9tT8Do/glibc-2.23/nptl/../sysdeps/unix/sysv/linux/bits/sigset.h
117 1
fe=(67)
425 1
fi=(70)
117 1
fe=(67)
425 5
+8 3
cob=(1)
cfi=(71)
cfn=(262)
calls=1 64 
* 1406
* 5
+3 3
+4 2
+5 2
-5 4
+5 1
cob=(1)
cfi=(71)
cfn=(262)
calls=1 64 
* 1180
* 5
* 2
+1 3
+4 1
+3 3
+4 1
+7 1
-7 1
+6 10
+1 3
+1 1
+1 1
-1 1
+2 2
+4 1
cob=(2)
cfi=(16)
cfn=(276)
calls=1 0 
* 4
* 1
+10 1
-10 1
cob=(1)
cfi=(2)
cfn=(98)
calls=1 648 
* 2
* 2
+1 1
+6 1
+1 1
-7 1
+4 1
+4 1
-4 1
+1 2
+3 1
+3 1
+11 3
-11 1
+3 2
+2 2
+6 1
cob=(1)
cfi=(71)
cfn=(262)
calls=1 64 
* 1687
* 5
+4 1
-6 1
+7 5
-61 3

fl=(77)
fn=(290)
0 17

fl=(93)
fn=(410)
26 1
+2 3
+2 1
+2 5
+2 3
+4 3
+3 1
+3 2

fl=(126)
fn=(556)
39 1
313 1
39 1
+1 1
-1 1
+1 2
+4 2
+5 1
+3 1
+3 3
+2 1
315 2
61 2
+6 4
+4 3
+3 2

fl=(69)
fn=(252)
47 2
+4 2
-4 2
+4 2
+3 4
-1 2
+1 4
-1 2
+1 56
+1 2
-1 2
+1 2
+7 2
-7 4
+2 4
+5 20
+3 4
+8 4
-11 4

fl=(111)
fn=(494)
32 3
+2 3
-2 3
+2 12
+2 3
+2 18
+4 12
+1 9
+3 6
+3 3
-3 3
+3 3
+5 12
+7 9
+9 9
+2 9

fl=(78)
fn=(298)
65 6
+4 1
+1 1

totals: 573125
