10.0000 218556425.3234 260468150.7045 283403162.4436 259707461.6829
144.8584 218643065.9381 260578043.8592 283310932.8381 259808070.9311
639.8988 218960945.5053 260981027.9256 282972064.9523 260177104.7371
1584.7233 219566957.9554 261748356.0863 282323957.7308 260880193.5073
2878.9732 220395718.0276 262795651.0043 281433290.0497 261840653.5166
4373.6910 221351050.3007 263999709.1485 280400549.6708 262946050.3429
5952.3758 222358223.0729 265265103.0010 279305021.0446 264109067.3318
7542.1569 223370894.7442 266532892.7409 278196855.8966 265275591.2670
9102.1286 224363377.0848 267770613.0297 277104673.4390 266415669.0216
10610.9122 225322508.1527 268961819.2391 276043827.6753 267514008.8984
12058.2222 226242179.5971 270099065.9750 275022061.0018 268563582.5650
13439.9029 227120134.2950 271179806.5231 274042855.2165 269561879.4552
14755.1611 227956192.0875 272204124.7112 273107312.7153 270508829.6922
16005.0476 228751283.5411 273173501.3706 272215196.7539 271405671.1033
17191.6194 229506922.2482 274090141.3488 271365510.8142 272254328.7749
18317.4689 230224912.3331 274956600.8210 270556828.3703 273057069.7684
19385.4517 230907182.8687 275775576.5660 269787486.4911 273816306.6061
20398.5256 231555692.0406 276549784.2998 269055703.5455 274534482.8153
21359.6518 232172370.7572 277281887.4381 268359653.1431 275214005.1271
22271.7340 232759089.3502 277974455.4365 267697511.7621 275857203.1798
23137.5807 233317638.2982 278629940.1177 267067489.8262 276466306.0597
23959.8825 233849717.7660 279250663.3184 266467851.9075 277043429.5189
24741.1992 234356932.8274 279838811.8207 265896929.5408 277590570.1281
25483.9541 234840792.4131 280396437.0443 265353128.8830 278109604.0117
26190.4320 235302710.7049 280925457.8370 264834934.7296 278602288.6050
26862.7815 235744010.1136 281427665.2507 264340911.9438 279070266.3826
27503.0184 236165925.2531 281904728.5346 263869705.0529 279515069.8292
28113.0312 236569607.4899 282358201.8064 263420036.5747 279938127.1338
28694.5871 236956129.7875 282789531.0353 262990704.4741 280340768.2547
29249.3385 237326491.6372 283200061.0740 262580579.0593 280724231.0973
29778.8295 237681623.9421 283591042.5681 262188599.5366 281089667.6366
30284.5030 238022393.7585 283963638.6256 261813770.3898 281438149.8634
30767.7070 238349608.8360 284318931.1728 261455157.7018 281770675.4804
31229.7010 238664021.9224 284657926.9585 261111885.5008 282088173.3054
31671.6621 238966334.8117 284981563.1829 260783132.1929 282391508.3534
32094.6905 239257202.1293 285290712.7471 260468127.1199 282681486.5902
32499.8152 239537234.8563 285586189.1291 260166147.2679 282958859.3589
32887.9989 239807003.5957 285868750.8958 259876514.1454 283224327.4841
33260.1425 240067041.5984 286139105.8745 259598590.8313 283478545.0742
33617.0900 240317847.5568 286397914.9978 259331779.1998 283722123.0317
33959.6320 240559888.1794 286645795.8433 259075517.3211 283955632.2889
34288.5099 240793600.5654 286883325.8928 258829277.0283 284179606.7924
34604.4194 241019394.3857 287111045.5244 258592561.6521 284394546.2453
34908.0131 241237653.8951 287329460.7678 258364903.9051 284600918.6353
35199.9045 241448739.7810 287539045.8340 258145863.9158 284799162.5582
35480.6698 241652990.8636 287740245.4403 257935027.4007 284989689.3552
35750.8513 241850725.6609 287933476.9472 257732003.9656 285172885.0792
36010.9590 242042243.8283 288119132.3237 257536425.5282 285349112.3037
36261.4734 242227827.4858 288297579.9560 257347944.8515 285518711.7896
36502.8471 242407742.4365 288469166.3085 257166234.1861 285682004.0164
36735.5068 242582239.2938 288634217.4578 256990984.0047 285839290.5969
36959.8553 242751554.5163 288793040.5010 256821901.8315 285990855.5773
37176.2724 242915911.3641 288945924.8556 256658711.1531 286136966.6373
37385.1173 243075520.7850 289093143.4619 256501150.4038 286277876.2009
37586.7292 243230582.2236 289234953.8844 256348972.0309 286413822.4536
37781.4289 243381284.3815 289371599.3388 256201941.6148 286545030.2932
37969.5200 243527805.9102 289503309.6342 256059837.0593 286671712.1999
38151.2899 243670316.0567 289630302.0462 255922447.8353 286794069.0445
38327.0108 243808975.2607 289752782.1257 255789574.2767 286912290.8368
38496.9407 243943935.7076 289870944.4468 255661026.9257 287026557.4180
38661.3242 244075341.8411 289984973.3001 255536625.9220 287137039.1026
38820.3936 244203330.8422 290095043.3386 255416200.4321 287243897.2762
38974.3690 244328033.0697 290201320.1727 255299588.1196 287347284.9471
39123.4599 244449572.4709 290303960.9248 255186634.6499 287447347.2597
39267.8650 244568066.9650 290403114.7448 255077193.2280 287544221.9730
39407.7734 244683628.7980 290498923.2898 254971124.1663 287638039.9037
39543.3648 244796364.8763 290591521.1708 254868294.4790 287728925.3421
39674.8105 244906377.0734 290681036.3668 254768577.5076 287816996.4345
39802.2731 245013762.5189 290767590.6129 254671852.5649 287902365.5439
39925.9080 245118613.8675 290851299.7611 254578004.6063 287985139.5841
40045.8629 245221019.5492 290932274.1165 254486923.9193 288065420.3321
40162.2787 245321064.0043 291010618.7529 254398505.8335 288143304.7198
40275.2899 245418827.9033 291086433.8061 254312650.4483 288218885.1072
40385.0246 245514388.3521 291159814.7497 254229262.3768 288292249.5375
40491.6053 245607819.0850 291230852.6523 254148250.5064 288363481.9759
40595.1489 245699190.6456 291299634.4188 254069527.7724 288432662.5338
40695.7669 245788570.5516 291366243.0132 253993010.9507 288499867.6749
40793.5661 245876023.4557 291430757.6716 253918620.4559 288565170.4133
40888.6485 245961611.2963 291493254.1021 253846280.1537 288628640.4989
40981.1116 246045393.4335 291553804.6680 253775917.1870 288690344.5874
41071.0488 246127426.7840 291612478.5654 253707461.8078 288750346.4051
41158.5494 246207765.9412 291669341.9846 253640847.2236 288808706.8985
41243.6989 246286463.2930 291724458.2661 253576009.4492 288865484.3793
41326.5792 246363569.1309 291777888.0447 253512887.1680 288920734.6584
41407.2688 246439131.7512 291829689.3860 253451421.6024 288974511.1714
41485.8429 246513197.5548 291879917.9157 253391556.3887 289026865.1003
41562.3736 246585811.1374 291928626.9408 253333237.4610 289077845.4846
41636.9301 246657015.3773 291975867.5638 253276412.9400 289127499.3282
41709.5788 246726851.5128 292021688.7886 253221033.0327 289175871.6969
41780.3832 246795359.2237 292066137.6241 253167049.9297 289223005.8154
41849.4045 246862576.6996 292109259.1781 253114417.7160 289268943.1534
41916.7015 246928540.7128 292151096.7498 253063092.2799 289313723.5123
41982.3305 246993286.6818 292191691.9145 253013031.2302 289357385.1039
42046.3456 247056848.7286 292231084.6022 252964193.8211 289399964.6222
42108.7990 247119259.7447 292269313.1783 252916540.8713 289441497.3195
42169.7407 247180551.4399 292306414.5125 252870034.6974 289482017.0701
42229.2188 247240754.3947 292342424.0469 252824639.0478 289521556.4326
42287.2797 247299898.1139 292377375.8637 252780319.0346 289560146.7139
42343.9679 247358011.0710 292411302.7449 252737041.0757 289597818.0239
42399.3263 247415120.7496 292444236.2285 252694772.8398 289634599.3277
42453.3962 247471253.6947 292476206.6690 252653483.1848 289670518.5024
42506.2173 247526435.5414 292507243.2832 252613142.1150 289705602.3782
42557.8280 247580691.0609 292537374.2042 252573720.7257 289739876.7898
42608.2651 247634044.1935 292566626.5267 252535191.1588 289773366.6181
42657.5642 247686518.0869 292595026.3541 252497526.5558 289806095.8336
42705.7597 247738135.1220 292622598.8365 252460701.0203 289838087.5319
42752.8844 247788916.9518 292649368.2162 252424689.5725 289869363.9759
42798.9705 247838884.5239 292675357.8616 252389468.1156 289899946.6270
42844.0485 247888058.1105 292700590.3049 252355013.3980 289929856.1798
42888.1481 247936457.3396 292725087.2789 252321302.9762 289959112.5973
42931.2981 247984101.2199 292748869.7500 252288315.1813 289987735.1411
42973.5260 248031008.1621 292771957.9474 252256029.0904 290015742.3980
43014.8586 248077196.0002 292794371.3928 252224424.4973 290043152.3077
43055.3216 248122682.0176 292816128.9306 252193481.8816 290069982.1905
43094.9399 248167482.9707 292837248.7558 252163182.3793 290096248.7748
43133.7377 248211615.1017 292857748.4372 252133507.7616 290121968.2163
43171.7381 248255094.1625 292877644.9437 252104440.4076 290147156.1238
43208.9637 248297935.4327 292896954.6677 252075963.2799 290171827.5807
43245.4361 248340153.7402 292915693.4494 252048059.9004 290195997.1675
43281.1765 248381763.4734 292933876.5954 252020714.3315 290219678.9792
43316.2051 248422778.5967 292951518.8996 251993911.1556 290242886.6442
43350.5416 248463212.6745 292968634.6665 251967635.4499 290265633.3468
43384.2050 248503078.8741 292985237.7239 251941872.7748 290287931.8379
43417.2138 248542389.9856 293001341.4447 251916609.1524 290309794.4554
43449.5857 248581158.4373 293016958.7634 251891831.0473 290331233.1407
43481.3382 248619396.3035 293032102.1912 251867525.3535 290352259.4511
43512.4878 248657115.3253 293046783.8348 251843679.3734 290372884.5786
43543.0508 248694326.9102 293061015.4061 251820280.8101 290393119.3576
43573.0428 248731042.1590 293074808.2430 251797317.7427 290412974.2864
43602.4791 248767271.8581 293088173.3157 251774778.6246 290432459.5296
43631.3744 248803026.5060 293101121.2460 251752652.2595 290451584.9391
43659.7430 248838316.3169 293113662.3175 251730927.7928 290470360.0625
43687.5987 248873151.2321 293125806.4878 251709594.6982 290488794.1546
43714.9549 248907540.9221 293137563.3979 251688642.7701 290506896.1851
43741.8248 248941494.8068 293148942.3873 251668062.1055 290524674.8544
43768.2208 248975022.0564 293159952.5016 251647843.0975 290542138.5991
43794.1553 249008131.6005 293170602.5030 251627976.4248 290559295.6026
43819.6401 249040832.1378 293180900.8809 251608453.0398 290576153.8048
43844.6869 249073132.1418 293190855.8604 251589264.1607 290592720.9095
43869.3067 249105039.8705 293200475.4120 251570401.2606 290609004.3946
43893.5105 249136563.3774 293209767.2615 251551856.0562 290625011.5216
43917.3089 249167710.5018 293218738.8931 251533620.5089 290640749.3351
43940.7120 249198488.8929 293227397.5629 251515686.8064 290656224.6795
43963.7300 249228906.0104 293235750.3045 251498047.3580 290671444.2024
43986.3724 249258969.1280 293243803.9356 251480694.7882 290686414.3611
44008.6486 249288685.3395 293251565.0654 251463621.9298 290701141.4286
44030.5679 249318061.5701 293259040.1024 251446821.8131 290715631.5031
44052.1391 249347104.5678 293266235.2578 251430287.6671 290729890.5071
44073.3708 249375820.9252 293273156.5554 251414012.9037 290743924.2014
44094.2715 249404217.0716 293279809.8348 251397991.1187 290757738.1844
44114.8493 249432299.2917 293286200.7604 251382216.0779 290771337.9044
44135.1122 249460073.7133 293292334.8227 251366681.7209 290784728.6562
44155.0680 249487546.3222 293298217.3462 251351382.1491 290797915.5917
44174.7241 249514722.9681 293303853.4950 251336311.6204 290810903.7248
44194.0879 249541609.3632 293309248.2761 251321464.5461 290823697.9343
44213.1665 249568211.0865 293314406.5447 251306835.4863 290836302.9675
44231.9668 249594533.5884 293319333.0083 251292419.1446 290848723.4455
44250.4957 249620582.1967 293324032.2322 251278210.3618 290860963.8685
44268.7597 249646362.1174 293328508.6427 251264204.1133 290873028.6180
44286.7652 249671878.4440 293332766.5324 251250395.5019 290884921.9637
44304.5185 249697136.1477 293336810.0617 251236779.7596 290896648.0610
44322.0257 249722140.0933 293340643.2647 251223352.2381 290908210.9607
44339.2927 249746895.0366 293344270.0523 251210108.4069 290919614.6094
44356.3253 249771405.6294 293347694.2154 251197043.8491 290930862.8542
44373.1292 249795676.4213 293350919.4284 251184154.2581 290941959.4449
44389.7097 249819711.8639 293353949.2526 251171435.4335 290952908.0385
44406.0724 249843516.3086 293356787.1386 251158883.2799 290963712.1992
44422.2224 249867094.0145 293359436.4301 251146493.8014 290974375.4041
44438.1649 249890449.1539 293361900.3671 251134263.0967 290984901.0473
44453.9048 249913585.8014 293364182.0871 251122187.3625 290995292.4366
44469.4469 249936507.9497 293366284.6294 251110262.8845 291005552.8020
44484.7961 249959219.5065 293368210.9367 251098486.0364 291015685.2960
44499.9570 249981724.2998 293369963.8586 251086853.2761 291025692.9976
44514.9341 250004026.0698 293371546.1526 251075361.1480 291035578.9096
44529.7318 250026128.4846 293372960.4875 251064006.2736 291045345.9674
44544.3544 250048035.1292 293374209.4453 251052785.3556 291054997.0352
44558.8062 250069749.5168 293375295.5233 251041695.1706 291064534.9125
44573.0913 250091275.0849 293376221.1364 251030732.5695 291073962.3337
44587.2136 250112615.2075 293376988.6192 251019894.4702 291083281.9741
44601.1772 250133773.1842 293377600.2277 251009177.8621 291092496.4472
44614.9859 250154752.2458 293378058.1410 250998579.8010 291101608.3075
44628.6435 250175555.5547 293378364.4635 250988097.4087 291110620.0523
44642.1536 250196186.2076 293378521.2266 250977727.8699 291119534.1238
44655.5199 250216647.2390 293378530.3902 250967468.4290 291128352.9115
44668.7458 250236941.6252 293378393.8447 250957316.3876 291137078.7556
44681.8348 250257072.2752 293378113.4122 250947269.1073 291145713.9429
44694.7904 250277042.0358 293377690.8484 250937324.0065 291154260.7116
44707.6157 250296853.7003 293377127.8438 250927478.5547 291162721.2542
44720.3141 250316510.0022 293376426.0255 250917730.2745 291171097.7174
44732.8887 250336013.6184 293375586.9583 250908076.7396 291179392.2031
44745.3427 250355367.1671 293374612.1462 250898515.5740 291187606.7690
44757.6790 250374573.2148 293373503.0340 250889044.4483 291195743.4325
44769.9006 250393634.2732 293372261.0079 250879661.0797 291203804.1699
44782.0105 250412552.7952 293370887.3981 250870363.2334 291211790.9158
44794.0116 250431331.1872 293369383.4785 250861148.7155 291219705.5689
44805.9066 250449971.8059 293367750.4686 250852015.3740 291227549.9915
44817.6983 250468476.9464 293365989.5357 250842961.1030 291235326.0056
44829.3894 250486848.8592 293364101.7945 250833983.8344 291243035.4001
44840.9826 250505089.7462 293362088.3088 250825081.5385 291250679.9305
44852.4804 250523201.7602 293359950.0929 250816252.2236 291258261.3189
44863.8855 250541187.0035 293357688.1124 250807493.9359 291265781.2546
44875.2002 250559047.5286 293355303.2860 250798804.7583 291273241.3948
44886.4271 250576785.3422 293352796.4855 250790182.8079 291280643.3668
44897.5686 250594402.4009 293350168.5382 250781626.2369 291287988.7673
44908.6270 250611900.6094 293347420.2278 250773133.2335 291295279.1617
44919.6047 250629281.8333 293344552.2939 250764702.0141 291302516.0906
44930.5040 250646547.8864 293341565.4351 250756330.8295 291309701.0648
44941.3271 250663700.5376 293338460.3089 250748017.9604 291316835.5690
44952.0762 250680741.5080 293335237.5334 250739761.7183 291323921.0609
44962.7534 250697672.4669 293331897.6891 250731560.4472 291330958.9703
44973.3610 250714495.0475 293328441.3174 250723412.5144 291337950.7060
44983.9009 250731210.8268 293324868.9255 250715316.3208 291344897.6482
44994.3753 250747821.3457 293321180.9830 250707270.2897 291351801.1572
45004.7862 250764328.0848 293317377.9291 250699272.8782 291358662.5640
45015.1355 250780732.4856 293313460.1684 250691322.5665 291365483.1796
45025.4251 250797035.9407 293309428.0752 250683417.8622 291372264.2909
45035.6571 250813239.7960 293305281.9932 250675557.2982 291379007.1628
45045.8333 250829345.3498 293301022.2377 250667739.4333 291385713.0379
45055.9554 250845353.8532 293296649.0966 250659962.8510 291392383.1372
45066.0255 250861266.5100 293292162.8317 250652226.1595 291399018.6602
45076.0451 250877084.4787 293287563.6792 250644527.9899 291405620.7865
45086.0162 250892808.8657 293282851.8536 250636866.9993 291412190.6729
45095.9403 250908440.7327 293278027.5463 250629241.8668 291418729.4573
45105.8192 250923981.0890 293273090.9299 250621651.2971 291425238.2555
45115.6546 250939430.8966 293268042.1576 250614094.0172 291431718.1637
45125.4481 250954791.0710 293262881.3650 250606568.7760 291438170.2590
45135.2012 250970062.4762 293257608.6728 250599074.3463 291444595.5980
45144.9157 250985245.9288 293252224.1870 250591609.5229 291450995.2180
45154.5929 251000342.1948 293246728.0021 250584173.1234 291457370.1367
45164.2344 251015351.9908 293241120.2019 250576763.9878 291463721.3522
45173.8417 251030275.9853 293235400.8608 250569380.9776 291470049.8442
45183.4162 251045114.8009 293229570.0448 250562022.9745 291476356.5745
45192.9594 251059869.0036 293223627.8173 250554688.8856 291482642.4831
45202.4727 251074539.1187 293217574.2347 250547377.6356 291488908.4949
45211.9575 251089125.6168 293211409.3537 250540088.1734 291495155.5136
45221.4150 251103628.9248 293205133.2290 250532819.4672 291501384.4263
45230.8467 251118049.4200 293198745.9174 250525570.5068 291507596.1015
45240.2537 251132387.4342 293192247.4778 250518340.3019 291513791.3900
45249.6374 251146643.2543 293185637.9733 250511127.8822 291519971.1259
45258.9990 251160817.1193 293178917.4741 250503932.2985 291526136.1246
45268.3396 251174909.2243 293172086.0578 250496752.6214 291532287.1847
45277.6606 251188919.7206 293165143.8114 250489587.9409 291538425.0877
45286.9630 251202848.7192 293158090.8315 250482437.3655 291544550.5993
45296.2481 251216696.2908 293150927.2264 250475300.0219 291550664.4695
45305.5168 251230462.4639 293143653.1184 250468175.0565 291556767.4309
45314.7703 251244147.2330 293136268.6425 250461061.6317 291562860.2027
45324.0097 251257750.5554 293128773.9489 250453958.9275 291568943.4886
45333.2359 251271272.3560 293121169.2030 250446866.1400 291575017.9785
45342.4501 251284712.5290 293113454.5860 250439782.4801 291581084.3496
45351.6533 251298070.9374 293105630.2965 250432707.1748 291587143.2648
45360.8464 251311347.4193 293097696.5491 250425639.4641 291593195.3760
45370.0303 251324541.7823 293089653.5791 250418578.6044 291599241.3209
45379.2062 251337653.8192 293081501.6347 250411523.8607 291605281.7298
45388.3748 251350683.3016 293073240.9815 250404474.5102 291611317.2223
45397.5371 251363629.9849 293064871.9018 250397429.8404 291617348.4090
45406.6941 251376493.6086 293056394.6945 250390389.1489 291623375.8918
45415.8466 251389273.9044 293047809.6713 250383351.7398 291629400.2669
45424.9955 251401970.5911 293039117.1610 250376316.9269 291635422.1224
45434.1418 251414583.3835 293030317.5044 250369284.0289 291641442.0415
45443.2863 251427111.9981 293021411.0504 250362252.3665 291647460.6060
45452.4298 251439556.1444 293012398.1626 250355221.2681 291653478.3909
45461.5733 251451915.5425 293003279.2074 250348190.0594 291659495.9732
45470.7176 251464189.9111 292994054.5622 250341158.0711 291665513.9258
45479.8636 251476378.9774 292984724.6090 250334124.6332 291671532.8221
45489.0122 251488482.4856 292975289.7260 250327089.0697 291677553.2401
45498.1642 251500500.1844 292965750.2984 250320050.7069 291683575.7562
45507.3206 251512431.8430 292956106.7043 250313008.8631 291689600.9533
45516.4822 251524277.2407 292946359.3225 250305962.8553 291695629.4152
45525.6499 251536036.1821 292936508.5194 250298911.9896 291701661.7352
45534.8246 251547708.4836 292926554.6585 250291855.5694 291707698.5085
45544.0073 251559293.9905 292916498.0857 250284792.8850 291713740.3416
45553.1989 251570792.5654 292906339.1365 250277723.2195 291719787.8470
45562.4003 251582204.0922 292896078.1323 250270645.8469 291725841.6447
45571.6125 251593528.4841 292885715.3709 250263560.0261 291731902.3677
45580.8364 251604765.6743 292875251.1331 250256465.0063 291737970.6569
45590.0731 251615915.6245 292864685.6733 250249360.0213 291744047.1667
45599.3236 251626978.3194 292854019.2224 250242244.2919 291750132.5619
45608.5889 251637953.7658 292843251.9864 250235117.0260 291756227.5188
45617.8701 251648842.0009 292832384.1364 250227977.4123 291762332.7295
45627.1681 251659643.0824 292821415.8163 250220824.6261 291768448.8975
45636.4842 251670357.0916 292810347.1366 250213657.8262 291774576.7407
45645.8195 251680984.1305 292799178.1762 250206476.1559 291780716.9893
45655.1750 251691524.3266 292787908.9739 250199278.7389 291786870.3910
45664.5519 251701977.8236 292776539.5367 250192064.6844 291793037.7051
45673.9514 251712344.7920 292765069.8254 250184833.0790 291799219.7102
45683.3748 251722625.4146 292753499.7677 250177582.9951 291805417.1971
45692.8232 251732819.8951 292741829.2472 250170313.4844 291811630.9739
45702.2978 251742928.4531 292730058.1053 250163023.5796 291817861.8648
45711.8001 251752951.3235 292718186.1403 250155712.2942 291824110.7105
45721.3313 251762888.7540 292706213.1074 250148378.6224 291830378.3674
45730.8927 251772740.9970 292694138.7260 250141021.5442 291836665.7045
45740.4856 251782508.3229 292681962.6618 250133640.0145 291842973.6118
45750.1115 251792191.0054 292669684.5420 250126232.9725 291849302.9924
45759.7717 251801789.3290 292657303.9438 250118799.3345 291855654.7689
45769.4678 251811303.5808 292644820.4021 250111337.9995 291862029.8785
45779.2010 251820734.0548 292632233.4022 250103847.8439 291868429.2775
45788.9730 251830081.0434 292619542.3884 250096327.7270 291874853.9365
45798.7852 251839344.8409 292606746.7572 250088776.4871 291881304.8438
45808.6391 251848525.7425 292593845.8568 250081192.9409 291887783.0060
45818.5364 251857624.0393 292580838.9918 250073575.8861 291894289.4459
45828.4786 251866640.0174 292567725.4220 250065924.1006 291900825.2025
45838.4673 251875573.9574 292554504.3618 250058236.3422 291907391.3321
45848.5041 251884426.1352 292541174.9775 250050511.3464 291913988.9097
45858.5908 251893196.8192 292527736.3877 250042747.8268 291920619.0287
45868.7290 251901886.2645 292514187.6719 250034944.4795 291927282.7973
45878.9204 251910494.7181 292500527.8606 250027099.9771 291933981.3432
45889.1668 251919022.4168 292486755.9357 250019212.9690 291940715.8139
45899.4699 251927469.5812 292472870.8390 250011282.0857 291947487.3728
45909.8316 251935836.4198 292458871.4639 250003305.9332 291954297.2037
45920.2537 251944123.1222 292444756.6645 249995283.0989 291961146.5060
45930.7381 251952329.8683 292430525.2391 249987212.1409 291968036.5041
45941.2867 251960456.8151 292416175.9501 249979091.5991 291974968.4372
45951.9013 251968504.1029 292401707.5128 249970919.9886 291981943.5656
45962.5839 251976471.8538 292387118.5947 249962695.7991 291988963.1711
45973.3366 251984360.1677 292372407.8230 249954417.4978 291996028.5538
45984.1613 251992169.1272 292357573.7729 249946083.5231 292003141.0385
45995.0602 251999898.7889 292342614.9816 249937692.2921 292010301.9678
46006.0352 252007549.1881 292327529.9389 249929242.1938 292017512.7076
46017.0885 252015120.3360 292312317.0911 249920731.5922 292024774.6451
46028.2223 252022612.2214 292296974.8346 249912158.8207 292032089.1930
46039.4387 252030024.8057 292281501.5257 249903522.1884 292039457.7843
46050.7400 252037358.0266 292265895.4704 249894819.9727 292046881.8786
46062.1285 252044611.7942 292250154.9309 249886050.4234 292054362.9590
46073.6064 252051785.9912 292234278.1241 249877211.7602 292061902.5332
46085.1762 252058880.4717 292218263.2214 249868302.1731 292069502.1344
46096.8401 252065895.0624 292202108.3457 249859319.8192 292077163.3229
46108.6006 252072829.5598 292185811.5739 249850262.8241 292084887.6856
46120.4602 252079683.7309 292169370.9354 249841129.2800 292092676.8372
46132.4214 252086457.3117 292152784.4120 249831917.2456 292100532.4210
46144.4867 252093150.0084 292136049.9335 249822624.7421 292108456.1110
46156.6588 252099761.4929 292119165.3868 249813249.7585 292116449.6085
46168.9403 252106291.4072 292102128.6030 249803790.2433 292124514.6487
46181.3339 252112739.3581 292084937.3673 249794244.1094 292132652.9967
46193.8424 252119104.9191 292067589.4134 249784609.2301 292140866.4504
46206.4686 252125387.6294 292050082.4224 249774883.4384 292149156.8418
46219.2152 252131586.9922 292032414.0252 249765064.5266 292157526.0367
46232.0853 252137702.4758 292014581.7977 249755150.2440 292165975.9370
46245.0818 252143733.5111 291996583.2632 249745138.2965 292174508.4807
46258.2078 252149679.4923 291978415.8894 249735026.3449 292183125.6439
46271.4662 252155539.7749 291960077.0900 249724812.0047 292191829.4403
46284.8603 252161313.6758 291941564.2218 249714492.8434 292200621.9236
46298.3933 252167000.4711 291922874.5882 249704066.3822 292209505.1864
46312.0683 252172599.3979 291904005.4301 249693530.0898 292218481.3651
46325.8889 252178109.6524 291884953.9279 249682881.3826 292227552.6400
46339.8583 252183530.3889 291865717.2014 249672117.6238 292236721.2355
46353.9801 252188860.7177 291846292.3122 249661236.1240 292245989.4202
46368.2578 252194099.7056 291826676.2589 249650234.1373 292255359.5096
46382.6950 252199246.3751 291806865.9754 249639108.8597 292264833.8679
46397.2955 252204299.7044 291786858.3237 249627857.4240 292274414.9120
46412.0629 252209258.6233 291766650.1082 249616476.9070 292284105.1056
46427.0013 252214122.0146 291746238.0627 249604964.3208 292293906.9664
46442.1144 252218888.7131 291725618.8488 249593316.6110 292303823.0671
46457.4064 252223557.5038 291704789.0584 249581530.6575 292313856.0359
46472.8814 252228127.1208 291683745.2130 249569603.2724 292324008.5569
46488.5435 252232596.2467 291662483.7562 249557531.1950 292334283.3753
46504.3971 252236963.5113 291641001.0574 249545311.0927 292344683.2960
46520.4466 252241227.4903 291619293.4062 249532939.5566 292355211.1876
46536.6964 252245386.7037 291597357.0151 249520413.1017 292365869.9817
46553.1513 252249439.6151 291575188.0133 249507728.1624 292376662.6775
46569.8158 252253384.6299 291552782.4477 249494881.0916 292387592.3416
46586.6949 252257220.0941 291530136.2792 249481868.1576 292398662.1114
46603.7934 252260944.2930 291507245.3805 249468685.5409 292409875.1970
46621.1163 252264555.4496 291484105.5351 249455329.3327 292421234.8829
46638.6689 252268051.7227 291460712.4364 249441795.5329 292432744.5295
46656.4564 252271431.2059 291437061.6801 249428080.0443 292444407.5779
46674.4843 252274691.9256 291413148.7676 249414178.6728 292456227.5496
46692.7580 252277831.8392 291388969.1018 249400087.1235 292468208.0499
46711.2833 252280848.8336 291364517.9836 249385800.9974 292480352.7705
46730.0660 252283740.7233 291339790.6069 249371315.7865 292492665.4936
46749.1119 252286505.2483 291314782.0617 249356626.8738 292505150.0918
46768.4273 252289140.0722 291289487.3276 249341729.5283 292517810.5322
46788.0184 252291642.7805 291263901.2686 249326618.8996 292530650.8810
46807.8915 252294010.8778 291238018.6345 249311290.0171 292543675.3040
46828.0533 252296241.7858 291211834.0596 249295737.7873 292556888.0685
46848.5105 252298332.8414 291185342.0502 249279956.9847 292570293.5518
46869.2699 252300281.2939 291158536.9929 249263942.2539 292583896.2380
46890.3387 252302084.3027 291131413.1418 249247688.1010 292597700.7263
46911.7241 252303738.9350 291103964.6164 249231188.8891 292611711.7339
46933.4336 252305242.1623 291076185.4059 249214438.8395 292625934.0953
46955.4748 252306590.8588 291048069.3522 249197432.0187 292640372.7730
46977.8555 252307781.7974 291019610.1611 249180162.3428 292655032.8536
47000.5838 252308811.6477 290990801.3847 249162623.5648 292669919.5586
47023.6679 252309676.9723 290961636.4224 249144809.2720 292685038.2461
47047.1164 252310374.2238 290932108.5171 249126712.8818 292700394.4143
47070.9378 252310899.7417 290902210.7536 249108327.6374 292715993.7053
47095.1412 252311249.7483 290871936.0464 249089646.5979 292731841.9125
47119.7357 252311420.3461 290841277.1432 249070662.6376 292747944.9819
47144.7308 252311407.5130 290810226.6118 249051368.4347 292764309.0209
47170.1360 252311207.0995 290778776.8413 249031756.4691 292780940.2999
47195.9614 252310814.8239 290746920.0325 249011819.0131 292797845.2601
47222.2171 252310226.2685 290714648.1935 248991548.1258 292815030.5182
47248.9137 252309436.8754 290681953.1365 248970935.6471 292832502.8708
47276.0619 252308441.9414 290648826.4637 248949973.1856 292850269.3043
47303.6728 252307236.6142 290615259.5739 248928652.1194 292868336.9946
47331.7578 252305815.8869 290581243.6427 248906963.5793 292886713.3202
47360.3287 252304174.5932 290546769.6254 248884898.4471 292905405.8638
47389.3974 252302307.4023 290511828.2466 248862447.3448 292924422.4210
47418.9764 252300208.8130 290476409.9900 248839600.6237 292943771.0089
47449.0784 252297873.1489 290440505.0973 248816348.3600 292963459.8697
47479.7166 252295294.5511 290404103.5507 248792680.3384 292983497.4843
47510.9043 252292466.9737 290367195.0771 248768586.0505 293003892.5726
47542.6556 252289384.1765 290329769.1317 248744054.6792 293024654.1070
47574.9847 252286039.7183 290291814.8885 248719075.0878 293045791.3206
47607.9062 252282426.9504 290253321.2350 248693635.8110 293067313.7144
47641.4354 252278539.0090 290214276.7601 248667725.0420 293089231.0679
47675.5879 252274368.8085 290174669.7469 248641330.6219 293111553.4472
47710.3797 252269909.0325 290134488.1586 248614440.0250 293134291.2172
47745.8273 252265152.1270 290093719.6332 248587040.3489 293157455.0487
47781.9478 252260090.2910 290052351.4677 248559118.2981 293181055.9321
47818.7588 252254715.4681 290010370.6092 248530660.1718 293205105.1871
47856.2783 252249019.3372 289967763.6398 248501651.8465 293229614.4760
47894.5250 252242993.3032 289924516.7698 248472078.7653 293254595.8126
47933.5181 252236628.4868 289880615.8208 248441925.9188 293280061.5774
47973.2775 252229915.7137 289836046.2081 248411177.8260 293306024.5322
48013.8235 252222845.5047 289790792.9362 248379818.5234 293332497.8293
48055.1772 252215408.0637 289744840.5780 248347831.5427 293359495.0287
48097.3604 252207593.2664 289698173.2616 248315199.8938 293387030.1114
48140.3956 252199390.6476 289650774.6543 248281906.0446 293415117.4957
48184.3057 252190789.3885 289602627.9432 248247931.8994 293443772.0539
48229.1148 252181778.3021 289553715.8172 248213258.7759 293473009.1306
48274.8475 252172345.8216 289504020.4566 248177867.3897 293502844.5546
48321.5291 252162479.9839 289453523.5079 248141737.8254 293533294.6612
48369.1861 252152168.4152 289402206.0667 248104849.5148 293564376.3100
48417.8455 252141398.3148 289350048.6577 248067181.2116 293596106.9039
48467.5353 252130156.4371 289297031.2063 248028710.9605 293628504.4140
48518.2845 252118429.0763 289243133.0264 247989416.0760 293661587.3950
48570.1231 252106202.0467 289188332.7917 247949273.1102 293695375.0112
48623.0819 252093460.6643 289132608.5133 247908257.8240 293729887.0582
48677.1928 252080189.7261 289075937.5127 247866345.1542 293765143.9887
48732.4890 252066373.4892 289018296.3937 247823509.1795 293801166.9385
48789.0046 252051995.6499 288959661.0199 247779723.0902 293837977.7502
48846.7749 252037039.3186 288900006.4778 247734959.1456 293875599.0057
48905.8365 252021486.9981 288839307.0538 247689188.6422 293914054.0509
48966.2272 252005320.5565 288777536.1971 247642381.8702 293953367.0288
49027.9861 251988521.2016 288714666.4891 247594508.0739 293993562.9101
49091.1538 251971069.4534 288650669.6076 247545535.4077 294034667.5266
49155.7721 251952945.1148 288585516.2920 247495430.8915 294076707.6050
49221.8845 251934127.2405 288519176.3012 247444160.3611 294119710.8054
49289.5360 251914594.1059 288451618.3769 247391688.4195 294163705.7576
49358.7731 251894323.1713 288382810.1949 247337978.3805 294208722.1044
49429.6442 251873291.0495 288312718.3291 247282992.2190 294254790.5385
49502.1992 251851473.4663 288241308.1997 247226690.5097 294301942.8495
49576.4900 251828845.2232 288168544.0267 247169032.3676 294350211.9682
49652.5704 251805380.1553 288094388.7782 247109975.3840 294399632.0149
49730.4962 251781051.0878 288018804.1140 247049475.5570 294450238.3514
49810.3251 251755829.7919 287941750.3333 246987487.2251 294502067.6308
49892.1172 251729686.9358 287863186.3110 246923962.9887 294555157.8558
49975.9348 251702592.0349 287783069.4374 246858853.6348 294609548.4350
50061.8425 251674513.4000 287701355.5555 246792108.0567 294665280.2419
50149.9074 251645418.0782 287617998.8816 246723673.1599 294722395.6856
50240.1992 251615271.7969 287532951.9414 246653493.7779 294780938.7721
50332.7904 251584038.9014 287446165.4917 246581512.5759 294840955.1751
50427.7562 251551682.2886 287357588.4364 246507669.9466 294902492.3129
50525.1747 251518163.3385 287267167.7428 246431903.9058 294965599.4248
50625.1272 251483441.8408 287174848.3511 246354149.9788 295030327.6535
50727.6984 251447475.9187 287080573.0801 246274341.0839 295096730.1302
50832.9760 251410221.9483 286984282.5290 246192407.4075 295164862.0645
50941.0515 251371634.4700 286885914.9653 246108276.2684 295234780.8437
51052.0202 251331666.1018 286785406.2223 246021871.9854 295306546.1262
51165.9811 251290267.4377 286682689.5682 245933115.7196 295380219.9570
51283.0374 251247386.9509 286577695.5929 245841925.3286 295455866.8699
51403.2966 251202970.8847 286470352.0717 245748215.2402 296004092.2160
52244.9966 250153443.8434 287389766.3345 245091634.1622 296076451.6163
52360.3215 250104648.8624 287287366.1109 245001578.3163 296150721.5023
52478.7571 250054189.2981 287182737.1094 244909069.6299 296226965.8573
52600.4102 250002005.7669 287075809.7001 244814022.5945 296305251.2244
52725.3924 249948036.3375 286966511.4423 244716348.0996 296385646.8223
52853.8197 249892216.4003 286854766.9455 244615953.2518 296468224.6718
52985.8132 249834478.5317 286740497.7217 244512741.1853 296553059.7280
53121.4988 249774752.3458 286623622.0251 244406610.8561 296640230.0234
53261.0080 249712964.3461 286504054.6960 244297456.8369 296729816.8079
53404.4780 249649037.7581 286381706.9781 244185169.0846 296821904.7104
53552.0517 249582892.3577 286256486.3349 244069632.7026 296916581.9003
53703.8783 249514444.2893 286128296.2561 243950727.6906 297013940.2577
53860.1138 249443605.8696 285997036.0455 243828328.6722 297114075.5584
54020.9207 249370285.3806 285862600.6004 243702304.6110 297217087.6649
54186.4690 249294386.8505 285724880.1763 243572518.5078 297323080.7294
54356.9363 249215809.8182 285583760.1343 243438827.0773 297432163.4098
54532.5082 249134449.0878 285439120.6810 243301080.4115 297544449.0916
54713.3787 249050194.4600 285290836.5787 243159121.6111 297660056.1323
54899.7507 248962930.4527 285138776.8477 243012786.4025 297779108.1117
55091.8367 248872536.0012 284982804.4477 242861902.7296 297901734.0970
55289.8589 248778884.1356 284822775.9314 242706290.3126 298028068.9296
55494.0500 248681841.6398 284658541.0807 242545760.1828 298158253.5234
55704.6538 248581268.6901 284489942.5240 242380114.1935 298292435.1763
55921.9257 248477018.4652 284316815.3192 242209144.4891 298430767.9073
56146.1333 248368936.7299 284138986.5093 242032632.9412 298573412.8111
56377.5573 248256861.3931 283956274.6542 241850350.5522 298720538.4299
56616.4922 248140622.0328 283768489.3236 241662056.8128 298872321.1513
56863.2468 248020039.3901 283575430.5599 241467499.0223 299028945.6258
57118.1455 247894924.8242 283376888.2979 241266411.5549 299190605.2130
57381.5287 247765079.7364 283172641.7560 241058515.0899 299357502.4451
57653.7542 247630294.9442 282962458.7681 240843515.7722 299529849.5289
57935.1979 247490350.0164 282746095.0805 240621104.3277 299707868.8686
58226.2550 247345012.5608 282523293.5970 240390955.1148 299891793.6198
58527.3413 247194037.4558 282293783.5624 240152725.1049 300081868.2802
58838.8939 247037166.0328 282057279.6995 239906052.8019 300278349.3060
59161.3733 246874125.1889 281813481.2662 239650557.0703 300481505.7762
59495.2640 246704626.4491 281562071.0668 239385835.9043 300691620.0751
59841.0767 246528364.9434 281302714.3685 239111465.0864 300908988.6330
60199.3493 246345018.3236 281035057.7584 238826996.7742 301133922.6886
60570.6488 246154245.5882 280758727.9019 238531957.9720 301366749.1058
60955.5732 245955685.8210 280473330.2102 238225848.8949 301607811.2327
61354.7535 245748956.8471 280178447.4257 237908141.2382 301857469.7901
61768.8552 245533653.7735 279873638.0816 237578276.3004 302116103.8223
62198.5812 245309347.4379 279558434.8714 237235663.0036 302384111.6734
62644.6736 245075582.7304 279232342.8819 236879675.7588 302661912.0208
63107.9161 244831876.7981 278894837.7061 236509652.1964 302949944.9449
63589.1369 244577717.1214 278545363.4241 236124890.7499 303248673.0351
64089.2114 244312559.4508 278183330.4400 235724648.0818 303558582.5334
64609.0647 244035825.5935 277808113.1604 235308136.3391 303880184.5147
65149.6751 243746901.0576 277419047.5324 234874520.2605 304214016.0765
65712.0770 243445132.5353 277015428.4137 234422914.1099 304560641.5460
66297.3640 243129825.2218 276596506.7767 233952378.4443 304920653.6858
66906.6929 242800239.9691 276161486.7445 233461916.7184 305294674.8822
67541.2868 242455590.2883 275709522.4800 232950471.7601 305683358.2763
68202.4386 242095039.1799 275239714.8998 232416922.0938 306087388.8374
68891.5149 241717695.8275 274751108.2619 231860078.1779 306507484.3137
69609.9595 241322612.1633 274242686.6312 231278678.5779 306944396.0252
70359.2967 240908779.3347 276501625.9444 226581852.2583 310410859.1411
76523.6489 241345286.4710 265653721.1498 225641255.3662 311091761.7630
77726.3395 240778186.0902 264764280.7605 224652793.9898 311802606.0631
78987.5790 240179226.9270 263830874.5236 223613761.4425 312544653.0913
80310.3364 239546432.9124 262850976.5222 222521365.6783 313319142.8082
81697.6058 238877749.2739 261821984.0132 221372755.2563 314127268.7770
83152.3600 238171059.7489 260741245.0818 220165055.8934 314970146.0171
84677.4884 237424211.7132 259606097.3181 218895420.0732 315848770.8998
86275.7177 236635051.0579 258413919.8496 217561092.2515 316763972.1276
87949.5125 235801468.6585 257162200.9654 216159491.9971 317716352.2164
89700.9556 234921459.9523 255848623.0012 214688316.6359 318706219.6723
91531.6071 233993198.3839 254471164.9632 213145663.4625 319733513.2802
93442.3478 233015122.0739 253028221.3094 211530169.0767 320797721.7063
95433.2133 231986030.9025 251518732.2418 209841159.7706 321897803.9379
97503.2321 230905188.3677 249942316.9827 208078802.3981 323032118.6358
99650.2874 229772419.4017 248299397.3317 206244240.4479 324198372.7285
101871.0207 228588192.5698 246591295.4143 204339696.4232 325393600.6576
104160.8027 227353673.7883 244820288.3891 202368520.7666 326614184.6203
106513.7857 226070739.9544 242989605.3750 200335171.0313 327855922.2630
108923.0456 224741945.2029 241103358.5116 198245113.2457 329114141.7391
111380.8047 223370439.4355 239166410.0182 196104649.3124 330383856.0689
113878.7155 221959846.6290 237184187.8868 193920686.8021 331659941.5397
116408.1723 220514117.0198 235162471.3447 191700477.0567 332937320.6468
118960.6162 219037370.6548 233107170.9644 189451351.2804 334211130.1109
121527.8043 217533749.2335 231024126.4938 187180481.5483 335476858.5943
124102.0215 216007289.3361 228918939.3655 184894685.9871 336730445.2898
126676.2258 214461824.6123 226796848.7530 182600287.6196 337968337.5056
129244.1306 212900918.9421 224662652.2854 180303027.2143 339187511.0338
131800.2312 211327828.3015 222520666.8289 178008023.9119 340385460.5313
134339.7888 209745486.4294 220374721.4837 175719773.7730 341560168.4480
136858.7859 208156508.4190 218228173.9927 173442175.4958 342710060.6279
139353.8633 206563206.5145 216083942.3356 171178573.4114 343833955.3731
141822.2498 204967613.2358 213944544.7046 168931809.6802 344931011.0468
144261.6893 203371508.0756 211812142.7716 166704279.7081 346000675.6309
146670.3718 201776445.0821 209688584.7337 164497986.7078 347042640.2860
149046.8695 200183779.5934 207575445.9639 162314592.9199 348056797.9122
151390.0794 198594693.0856 205474066.0647 160155466.1608 349043207.0085
153699.1733 197010215.6352 203385581.8363 158021721.1886 350002060.6718
155973.5545 195431245.8319 201310956.1121 155914255.8928 350933660.3281
158212.8205 193858568.1889 199251002.6698 153833782.6034 351838393.6773
160416.7317 192292868.2335 197206407.5888 151780854.9917 352716716.2937
162585.1844 190734745.4981 195177747.4473 149755891.0603 353569136.3565
164718.1888 189184724.6731 193165504.7913 147759192.7548 354396202.0181
166815.8499 187643265.1602 191170081.2584 145790962.6661 355198490.9864
168878.3514 186110769.2516 189191808.7077 143851318.2584 355976601.9529
170905.9425 184587589.1409 187230958.6724 141940304.0020 356731147.5523
172898.9266 183074032.9405 185287750.3947 140057901.7353 357462748.5925
174857.6518 181570369.8586 183362357.6760 138204039.5344 358172029.3365
176782.5027 180076834.6605 181454914.7222 136378599.3166 358859613.6578
178673.8938 178593631.5293 179565521.1552 134581423.3817 359526121.9159
180532.2638 177120937.4148 177694246.3171 132812320.0504 360172168.4308
182358.0704 175658904.9457 175841132.9777 131071068.5364 360798359.4548
184151.7864 174207664.9768 174006200.5432 129357423.1713 361405291.5547
185913.8964 172767328.8185 172189447.8385 127671117.0742 361993550.3376
187644.8932 171337990.1944 170390855.5245 126011865.3437 362563709.4619
189345.2758 169919726.9730 168610388.2142 124379367.8502 363116329.8831
191015.5469 168512602.6908 166847996.3145 122773311.6667 363651959.3001
192656.2114 167116667.9158 165103617.6588 121193373.2139 364171131.7607
194267.7743 165731961.4485 163377178.9275 119639220.1273 364674367.4081
195850.7399 164358511.3992 161668596.9103 118110512.9045 365162172.3379
197405.6101 162996336.1583 159977779.6304 116606906.3626 365635038.5468
198932.8841 161645445.2547 158304627.3265 115128050.9074 366093443.9633
200433.0571 160305840.1382 156649033.3402 113673593.6654 366537852.5379
201906.6195 158977514.8783 155010884.8974 112243179.4732 366968714.3885
203354.0570 157660456.8019 153390063.8147 110836451.7598 367386465.9849
204775.8492 156354647.0679 151786447.1282 109453053.3210 367791530.3705
206172.4700 155060061.1855 150199907.6526 108092626.9995 368184317.4107
207544.3868 153776669.4926 148630314.4935 106754816.2931 368565224.0617
208892.0604 152504437.5890 147077533.5036 105439265.8884 368934634.6564
210215.9447 151243326.7295 145541427.6928 104145622.1280 369292921.2037
211516.4866 149993294.1889 144021857.6040 102873533.4278 369640443.6951
212794.1260 148754293.5887 142518681.6442 101622650.6361 369977550.4197
214049.2953 147526275.2041 141031756.3924 100392627.3547 370304578.2805
215282.4199 146309186.2430 139560936.8764 99183120.2183 370621853.1133
216493.9175 145102971.1067 138106076.8274 97993789.1402 370929690.0043
217684.1988 143907571.6225 136667028.9031 96824297.5202 371228393.6079
218853.6671 142722927.2674 135243644.9008 95674312.4306 371518258.4593
220002.7180 141548975.3663 133835775.9423 94543504.7707 371799569.2857
221131.7404 140385651.2808 132443272.6482 93431549.4015 372072601.3107
222241.1155 139232888.5842 131065985.2967 92338125.2608 372337620.5543
223331.2176 138090619.2242 129703763.9701 91262915.4601 372594884.1257
224402.4138 136958773.6675 128356458.6804 90205607.3580 372844640.5127
225455.0641 135837281.0438 127023919.4955 89165892.6286 373087129.8614
226489.5217 134726069.2726 125705996.6463 88143467.3092 373322584.2502
227506.1328 133625065.1825 124402540.6260 87138031.8370 373551227.9582
228505.2372 132534194.6263 123113402.2859 86149291.0793 373773277.7232
229487.1675 131453382.5830 121838432.9170 85176954.3484 373988942.9961
230452.2502 130382553.2567 120577484.3276 84220735.4107 374198426.1854
231400.8052 129321630.1669 119330408.9140 83280352.4877 374401922.8958
232333.1459 128270536.2345 118097059.7260 82355528.2498 374599622.1595
233249.5798 127229193.8594 116877290.5229 81445989.8021 374791706.6601
234150.4079 126197524.9980 115670955.8318 80551468.6686 374978352.9495
235035.9255 125175451.2288 114477910.9922 79671700.7660 375159731.6589
235906.4219 124162893.8188 113298012.2018 78806426.3763 375336007.7016
236762.1803 123159773.7878 112131116.5619 77955390.1181 375507340.4698
237603.4788 122166011.9614 110977082.1096 77118340.9075 375673884.0253
238430.5893 121181529.0247 109835767.8519 76295031.9201 375835787.2839
239243.7786 120206245.5733 108707033.7976 75485220.5503 375993194.1928
240043.3081 119240082.1615 107590740.9863 74688668.3680 376146243.9027
240829.4337 118282959.3439 106486751.5110 73905141.0718 376295070.9341
241602.4065 117334797.7174 105394928.5411 73134408.4409 376439805.3376
242362.4722 116395517.9615 104315136.3452 72376244.2877 376580572.8484
243109.8718 115465040.8711 103247240.3047 71630426.4040 376717495.0369
243844.8413 114543287.3921 102191106.9320 70896736.5107 376850689.4524
244567.6119 113630178.6551 101146603.8868 70174960.2061 376980269.7621
245278.4102 112725636.0001 100113599.9834 69464886.9092 377106345.8869
245977.4584 111829581.0102 99091965.2072 68766309.8086 377229024.1296
246664.9740 110941935.5333 98081570.7198 68079025.8053 377348407.3013
247341.1702 110062621.7080 97082288.8685 67402835.4585 377464594.8421
248006.2559 109191561.9865 96093993.1933 66737542.9301 377577682.9371
248660.4358 108328679.1552 95116558.4308 66082955.9288 377687764.6293
249303.9106 107473896.3545 94149860.5190 65438885.6540 377794929.9282
249936.8768 106627137.0989 93193776.6024 64805146.7421 377899265.9139
250559.5271 105788325.2924 92248185.0314 64181557.2089 378000856.8386
251172.0503 104957385.2462 91312965.3660 63567938.3956 378099784.2235
251774.6313 104134241.6931 90387998.3756 62964114.9142 378196126.9529
252367.4515 103318819.8003 89473166.0369 62369914.5903 378289961.3648
252950.6886 102511045.1825 88568351.5336 61785168.4108 378381361.3383
253524.5167 101710843.9144 87673439.2547 61209710.4687 378470398.3776
254089.1065 100918142.5440 86788314.7950 60643377.9121 378557141.6931
254644.6254 100132868.0982 85912864.9469 60086010.8877 378641658.2804
255191.2372 99354948.0962 85046977.7005 59537452.4909 378724012.9951
255729.1027 98584310.5565 84190542.2388 58997548.7131 378804268.6260
256258.3795 97820884.0042 83343448.9315 58466148.3894 378882485.9656
256779.2218 97064597.4790 82505589.3311 57943103.1487 378958723.8777
257291.7813 96315380.5430 81676856.1687 57428267.3643 379033039.3623
257796.2061 95573163.2838 80857143.3451 56921498.1021 379105487.6198
258292.6417 94837876.3230 80046345.9279 56422655.0744 379176122.1107
258781.2308 94109450.8193 79244360.1426 55931600.5898 379244994.6149
259262.1131 93387818.4722 78451083.3659 55448199.5059 379312155.2881
259735.4258 92672911.5279 77666414.1199 54972319.1834 379377652.7164
260201.3031 91964662.7814 76890252.0636 54503829.4389 379441533.9690
260659.8768 91263005.5792 76122497.9856 54042602.4999 379503844.6491
261111.2760 90567873.8212 75363053.7944 53588512.9590 379564628.9429
261555.6275 89879201.9661 74611822.5148 53141437.7322 379623929.6666
261993.0554 89196925.0291 73868708.2750 52701256.0128 379681788.3125
262423.6815 88520978.5855 73133616.3001 52267849.2303 379738245.0925
262847.6251 87851298.7710 72406452.9034 51841101.0077 379793338.9811
263265.0035 87187822.2808 71687125.4755 51420897.1192 379847107.7563
263675.9313 86530486.3755 70975542.4815 51007125.4532 379899588.0387
264080.5213 85879228.8748 70271613.4448 50599675.9681 379950815.3302
264478.8838 85233988.1599 69575248.9410 50198440.6549 380000824.0506
264871.1273 84594703.1754 68886360.5914 49803313.4997 380049647.5731
265257.3578 83961313.4246 68204861.0487 49414190.4437 380097318.2590
265637.6796 83333758.9704 67530663.9904 49030969.3467 380143867.4905
266012.1950 82711980.4336 66863684.1078 48653549.9505 380189325.7027
266381.0041 82095918.9932 66203837.0992 48281833.8434 380233722.4145
266744.2052 81485516.3835 65551039.6585 47915724.4250 380277086.2585
267101.8949 80880714.8929 64905209.4659 47555126.8709 380319445.0098
267454.1678 80281457.3605 64266265.1772 47199948.0983 380360825.6137
267801.1167 79687687.1770 63634126.4170 46850096.7343 380401254.2124
268142.8326 79099348.2794 63008713.7658 46505483.0812 380440756.1711
268479.4048 78516385.1525 62389948.7546 46166019.0866 380479356.1031
268810.9211 77938742.8214 61777753.8499 45831618.3090 380517077.8936
269137.4674 77366366.8522 61172052.4474 45502195.8886 380553944.7236
269459.1282 76799203.3485 60572768.8615 45177668.5165 380589979.0918
269775.9861 76237198.9484 59979828.3162 44857954.4051 380625202.8368
270088.1224 75680300.8226 59393156.9357 44542973.2590 380659637.1582
270395.6168 75128456.6703 58812681.7342 44232646.2456 380693302.6365
270698.5476 74581614.7154 58238330.6059 43926895.9675 380726219.2529
270996.9915 74039723.7047 57670032.3162 43625646.4345 380758406.4086
271291.0238 73502732.9043 57107716.4927 43328823.0372 380789882.9426
271580.7185 72970592.0960 56551313.6154 43036352.5200 380820667.1499
271866.1481 72443251.5719 56000755.0048 42748162.9539 380850776.7982
272147.3838 71920662.1352 55455972.8173 42464183.7136 380880229.1446
272424.4955 71402775.0923 54916900.0319 42184345.4499 380909040.9518
272697.5518 70889542.2526 54383470.4437 41908580.0672 380937228.5030
272966.6199 70380915.9221 53855618.6521 41636820.6974 380964807.6175
273231.7661 69876848.9014 53333280.0540 41369001.6781 380991793.6646
273493.0552 69377294.4801 52816390.8322 41105058.5279 381018201.5779
273750.5507 68882206.4358 52304887.9493 40844927.9251 381044045.8685
274004.3154 68391539.0275 51798709.1362 40588547.6844 381069340.6384
274254.4104 67905246.9934 51297792.8850 40335856.7359 381094099.5927
274500.8961 67423285.5456 50802078.4380 40086795.1025 381118336.0521
274743.8317 66945610.3688  56873089.5743 67845382.0710 45876011.4319 380512031.8920
269030.1931 56393624.9905 67304118.3712 45610448.7951 380541806.2171
269289.5798 55918947.0357 66768116.4456 45348761.9537 380570960.9249
269545.1669 55449001.9379 66237318.2789 45090887.3155 380599511.2383
269797.0172 54983736.5592 65711666.5278 44836762.4327 380627471.9565
270045.1926 54523098.3889 65191104.5141 44586325.9797 380654857.4683
270289.7537 54067035.5364 64675576.2175 44339517.7316 380681681.7642
270530.7600 53615496.7257 64165026.2694 44096278.5435 380707958.4485
270768.2700 53168431.2875 63659399.9456 43856550.3296 380733700.7515
271002.3410 52725789.1537 63158643.1593 43620276.0433 380758921.5402
271233.0295 52287520.8496 62662702.4543 43387399.6567 380783633.3298
271460.3906 51853577.4879 62171524.9978 43157866.1414 380807848.2938
271684.4787 51423910.7621 61685058.5741 42931621.4495 380831578.2749
271905.3472 50998472.9389 61203251.5762 42708612.4943 380854834.7944
272123.0482 50577216.8533 60726053.0013 42488787.1328 380877629.0620
272337.6334 50160095.9021 60253412.4436 42272094.1475 380899971.9850
272549.1531 49747064.0351 59785280.0853 42058483.2276 380921874.1776
272757.6570 49338075.7524 59321606.6936 41847904.9537 380943345.9693
272963.1936 48933086.0946 58862343.6109 41640310.7790 380964397.4135
273165.8109 48532050.6392 58407442.7505 41435653.0140 380985038.2954
273365.5558 48134925.4933 57956856.5895 41233884.8096 381005278.1402
273562.4743 47741667.2874 57510538.1621 41034960.1413 381025126.2209
273756.6119 47352233.1689 57068441.0528 40838833.7932 381044591.5650
273948.0129 46966580.7964 56630519.3903 40645461.3431 381063682.9625
274136.7210 46584668.3336 56196727.8415 40454799.1469 381082408.9724
274322.7792 46206454.4438 55767021.6054 40266804.3246 381100777.9294
274506.2297 45831898.2846 55341356.4081 40081434.7462 381118797.9505
274687.1138 45460959.5002 54919688.4942 39898649.0160 381136476.9414
274865.4722 45093598.2158 54501974.6207 39718406.4596 381153822.6026
275041.3450 44729775.0348 54088172.0552 39540667.1113 381170842.4349
275214.7712 44369451.0297 53678238.5654 39365391.6990 381187543.7459
275385.7896 44012587.7373 53272132.4145 39192541.6320 381203933.6548
275554.4380 43659147.1539 52869812.3555 39022078.9881 381220019.0983
275720.7536 43309091.7305 52471237.6275 38853966.5019 381235806.8356
275884.7731 42962384.3648 52076367.9461 38688167.5507 381251303.4534
276046.5323 42618988.3976 51685163.5001 38524646.1436 381266515.3709
276206.0666 42278867.6069 51297584.9453 38363366.9098 381281448.8446
276363.4106 41941986.2044 50913593.4011 38204295.0872 381296109.9727
276518.5985 41608308.8271 50533150.4409 38047396.5097 381310504.6996
276671.6638 41277800.5336 50156218.0893 37892637.5974 381324638.8206
276822.6394 40950426.8002 49782758.8170 37739985.3455 381338517.9854
276971.5577 40626153.5135 49412735.5336 37589407.3128 381352147.7028
277118.4504 40304946.9672 49046111.5845 37440871.6122 381365533.3442
277263.3488 39986773.8564 48682850.7437 37294346.9000 381378680.1478
277406.2837 39671601.2724 48322917.2100 37149802.3657 381391593.2220
277547.2851 39359396.6986 47966275.6016 37007207.7223 381404277.5489
277686.3829 39050128.0054 47612890.9505 36866533.1968 381416737.9882
277823.6061 38743763.4444 47262728.6978 36727749.5202 381428979.2803
277958.9834 38440271.6458 46915754.6893 36590827.9186 381441006.0496
278092.5430 38139621.6112 46571935.1690 36455740.1040 381452822.8077
278224.3126 37841782.7120 46231236.7772 36322458.2655 381464433.9563
278354.3194 37546724.6819 45893626.5423 36190955.0602 381475843.7906
278482.5902 37254417.6141 45559071.8781 36061203.6048 381487056.5019
278609.1513 36964831.9561 45227540.5786 35933177.4671 381498076.1804
278734.0286 36677938.5078 44899000.8151 35806850.6584 381508906.8180
278857.2474 36393708.4132 44573421.1286 35682197.6246 381519552.3111
278978.8329 36112113.1582 44250770.4267 35559193.2380 381530016.4629
279098.8096 35833124.5656 43931017.9784 35437812.7902 381540302.9861
279217.2016 35556714.7920 43614133.4112 35318031.9843 381550415.5052
279334.0327 35282856.3242 43300086.7069 35199826.9279 381560357.5589
279449.3263 35011521.9722 42988848.1945 35083174.1245 381570132.6024
279563.1054 34742684.8680 42680388.5486 34968050.4674 381579744.0096
279675.3926 34476318.4604 42374678.7846 34854433.2325 381589195.0753
279786.2100 34212396.5115 42071690.2540 34742300.0711 381598489.0171
279895.5796 33950893.0931 41771394.6416 34631629.0033 381607628.9776
280003.5228 33691782.5810 41473763.9587 34522398.4111 381616618.0265
280110.0607 33435039.6528 41178770.5410 34414587.0319 381625459.1623
280215.2142 33180639.2845 40886387.0452 34308173.9525 381634155.3140
280319.0036 32928556.7453 40596586.4437 34203138.6026 381642709.3434
280421.4492 32678767.5954 40309342.0213 34099460.7484 381651124.0464
280522.5706 32431247.6824 40024627.3726 33997120.4873 381659402.1549
280622.3872 32185973.1351 39742416.3945 33896098.2409 381667546.3385
280720.9183 31942920.3640 39462683.2875 33796374.7502 381675559.2058
280818.1827 31702066.0549 39185402.5482 33697931.0694 381683443.3066
280914.1988 31463387.1654 38910548.9659 33600748.5601 381691201.1327
281008.9848 31226860.9236 38638097.6214 33504808.8865 381698835.1198
281102.5587 30992464.8233 38368023.8817 33410094.0095 381706347.6487
281194.9381 30760176.6210 38100303.3971 33316586.1819 381713741.0470
281286.1403 30529974.3322 37834912.0965 33224267.9425 381721017.5901
281376.1824 30301836.2286 37571826.1854 33133122.1118 381728179.5030
281465.0811 30075740.8354 37311022.1426 33043131.7867 381735228.9607
281552.8529 29851666.9264 37052476.7149 32954280.3355 381742168.0906
281639.5142 29629593.5235 36796166.9167 32866551.3933 381748998.9727
281725.0808 29409499.8916 36542070.0245 32779928.8575 381755723.6415
281809.5685 29191365.5356 36290163.5738 32694396.8826 381762344.0865
281892.9927 28975170.1988 36040425.3577 32609939.8763 381768862.2540
281975.3688 28760893.8583 35792833.4212 32526542.4946 381775280.0476
282056.7115 28548516.7229 35547366.0595 32444189.6377 381781599.3295
282137.0358 28338019.2309 35304001.8161 32362866.4460 381787821.9217
282216.3561 28129382.0459 35062719.4773 32282558.2953 381793949.6065
282294.6866 27922586.0541 34823498.0701 32203250.7928 381799984.1280
282372.0414 27717612.3631 34586316.8608 32124929.7740 381805927.1926
282448.4344 27514442.2977 34351155.3502 32047581.2974 381811780.4704
282523.8791 27313057.3972 34117993.2712 31971191.6416 381817545.5956
282598.3889 27113439.4145 33886810.5875 31895747.3015 381823224.1676
282671.9771 26915570.3097 33657587.4868 31821234.9832 381828817.7519
282744.6565 26719432.2515 33430304.3822 31747641.6021 381834327.8808
282816.4400 26525007.6128 33204941.9085 31674954.2787 381839756.0543
282887.3400 26332278.9680 32981480.9172 31603160.3344 381845103.7407
282957.3691 26141229.0905 32759902.4765 31532247.2889 381850372.3776
283026.5393 25951840.9523 32540187.8684 31462202.8567 381855563.3724
283094.8626 25764097.7177 32322318.5839 31393014.9432 381860678.1032
283162.3509 25577982.7441 32106276.3226 31324671.6418 381865717.9196
283229.0157 25393479.5782 31892042.9892 31257161.2307 381870684.1428
283294.8685 25210571.9542 31679600.6914 31190472.1697 381875578.0671
283359.9206 25029243.7909 31468931.7371 31124593.0973 381880400.9598
283424.1830 24849479.1904 31260018.6326 31059512.8274 381885154.0624
283487.6666 24671262.4347 31052844.0793 30995220.3463 381889838.5907
283550.3821 24494577.9841 30847390.9716 30931704.8098 381894455.7358
283612.3402 24319410.4752 30643642.3952 30868955.5408 381899006.6646
283673.5513 24145744.7176 30441581.6235 30806962.0256 381903492.5201
283734.0256 23973565.6932 30241192.1165 30745713.9118 381907914.4222
283793.7732 23802858.5536 30042457.5184 30685201.0056 381912273.4684
283852.8041 23633608.6180 29845361.6551 30625413.2690 381916570.7338
283911.1280 23465801.3701 29649888.5311 30566340.8166 381920807.2721
283968.7545 23299422.4574 29456022.3288 30507973.9138 381924984.1158
284025.6932 23134457.6887 29263747.4051 30450302.9741 381929102.2768
284081.9535 22970893.0329 29073048.2913 30393318.5568 381933162.7469
284137.5445 22808714.6144 28883909.6874 30337011.3635 381937166.4983
284192.4752 22647908.7158 28696316.4651 30281372.2376 381941114.4838
284246.7547 22488461.7705 28510253.6599 30226392.1598 381945007.6375
284300.3917 22330360.3654 28325706.4739 30172062.2476 381948846.8750
284353.3948 22173591.2369 28142660.2719 30118373.7522 381952633.0942
284405.7727 22018141.2696 27961100.5797 30065318.0566 381956367.1752
284457.5336 21863997.4938 27781013.0814 30012886.6726 381960049.9809
284508.6859 21711147.0835 27602383.6173 29961071.2396 381963682.3577
284559.2377 21559577.3559 27425198.1834 29909863.5221 381967265.1354
284609.1971 21409275.7698 27249442.9297 29859255.4078 381970799.1277
284658.5720 21260229.9225 27075104.1568 29809238.9056 381974285.1327
284707.3701 21112427.5489 26902168.3151 29759806.1432 381977723.9332
284755.5991 20965856.5201 26730622.0029 29710949.3659 381981116.2969
284803.2666 20820504.8404 26560451.9638 29662660.9335 381984462.9769
284850.3800 20676360.6473 26391645.0863 29614933.3198 381987764.7120
284896.9467 20533412.2093 26224188.4012 29567759.1098 381991022.2267
284942.9739 20391647.9231 26058069.0793 29521130.9979 381994236.2321
284988.4687 20251056.3144 25893274.4314 29475041.7867 381997407.4257
285033.4381 20111626.0348 25729791.9057 29429484.3849 382000536.4919
285077.8891 19973345.8606 25567609.0865 29384451.8056 382003624.1021
285121.8284 19836204.6903 25406713.6905 29339937.1643 382006670.9153
285165.2628 19700191.5456 25247093.5694 29295933.6779 382009677.5782
285208.1989 19565295.5673 25088736.7042 29252434.6624 382012644.7253
285250.6431 19431506.0151 24931631.2056 29209433.5318 382015572.9794
285292.6020 19298812.2663 24775765.3127 29166923.7962 382018462.9518
285334.0818 19167203.8139 24621127.3905 29124899.0603 382021315.2424
285375.0887 19036670.2652 24467705.9287 29083353.0220 382024130.4402
285415.6290 18907201.3406 24315489.5405 29042279.4708 382026909.1233
285455.7086 18778786.8721 24164466.9607 29001672.2863 382029651.8592
285495.3336 18651416.8039 24014627.0466 28961525.4373 382032359.2049
285534.5097 18525081.1868 23865958.7718 28921832.9793 382035031.7076
285573.2429 18399770.1810 23718451.2292 28882589.0541 382037669.9043
285611.5387 18275474.0521 23572093.6269 28843787.8877 382040274.3222
285649.4029 18152183.1724 23426875.2894 28805423.7898 382042845.4793
285686.8410 18029888.0168 23282785.6532 28767491.1516 382045383.8839
285723.8584 17908579.1633 23139814.2675 28729984.4448 382047890.0355
285760.4605 17788247.2916 22997950.7925 28692898.2207 382050364.4244
285796.6527 17668883.1814 22857184.9977 28656227.1085 382052807.5322
285832.4401 17550477.7113 22717506.7606 28619965.8140 382055219.8321
285867.8280 17433021.8582 22578906.0662 28584109.1188 382057601.7886
285902.8215 17316506.6953 22441373.0046 28548651.8789 382059953.8582
285937.4254 17200923.3924 22304897.7716 28513589.0236 382062276.4892
285971.6448 17086263.2127 22169470.6650 28478915.5542 382064570.1221
286005.4846 16972517.5122 22035082.0843 28444626.5427 382066835.1896
286038.9495 16859677.7411 21901722.5319 28410717.1313 382069072.1168
286072.0443 16747735.4387 21769382.6075 28377182.5308 382071281.3214
286104.7737 16636682.2364 21638053.0120 28344018.0198 382073463.2138
286137.1422 16526509.8529 21507724.5412 28311218.9434 382075618.1973
286169.1544 16417210.0955 21378388.0883 28278780.7123 382077746.6681
286200.8147 16308774.8586 21250034.6418 28246698.8017 382079849.0158
286232.1277 16201196.1218 21122655.2833 28214968.7504 382081925.6229
286263.0975 16094465.9499 20996241.1876 28183586.1596 382083976.8657
286293.7285 15988576.4916 20870783.6218 28152546.6924 382086003.1138
286324.0250 15883519.9791 20746273.9439 28121846.0725 382088004.7306
286353.9911 15779288.7252 20622703.6007 28091480.0830 382089982.0732
286383.6309 15675875.1242 20500064.1277 28061444.5660 382091935.4926
286412.9484 15573271.6512 20378347.1495 28031735.4216 382093865.3341
286441.9477 15471470.8597 20257544.3762 28002348.6067 382095771.9368
286470.6327 15370465.3810 20137647.6034 27973280.1343 382097655.6343
286499.0072 15270247.9245 20018648.7123 27944526.0730 382099516.7546
286527.0752 15170811.2754 19900539.6672 27916082.5454 382101355.6200
286554.8403 15072148.2942 19783312.5147 27887945.7279 382103172.5476
286582.3064 14974251.9162 19666959.3838 27860111.8494 382104967.8490
286609.4771 14877115.1502 19551472.4838 27832577.1911 382106741.8308
286636.3560 14780731.0779 19436844.1043 27805338.0851 382108494.7944
286662.9466 14685092.8534 19323066.6140 27778390.9141 382110227.0363
286689.2526 14590193.7016 19210132.4595 27751732.1103 382111938.8480
286715.2774 14496026.9171 19098034.1639 27725358.1545 382113630.5161
286741.0243 14402585.8651 18986764.3276 27699265.5762 382115302.3228
286766.4969 14309863.9792 18876315.6263 27673450.9520 382116954.5452
286791.6984 14217854.7609 18766680.8102 27647910.9051 382118587.4564
286816.6322 14126551.7786 18657852.7030 27622642.1048 382120201.3246
286841.3014 14035948.6674 18549824.2015 27597641.2658 382121796.4139
286865.7093 13946039.1275 18442588.2739 27572905.1470 382123372.9840
286889.8591 13856816.9244 18336137.9607 27548430.5518 382124931.2903
286913.7537 13768275.8872 18230466.3717 27524214.3262 382126471.5844
286937.3964 13680409.9088 18125566.6869 27500253.3594 382127994.1134
286960.7902 13593212.9447 18021432.1556 27476544.5825 382129499.1207
286983.9380 13506679.0127 17918056.0950 27453084.9679 382130986.8458
287006.8428 13420802.1914 17815431.8894 27429871.5287 382132457.5243
287029.5075 13335576.6198 17713552.9896 27406901.3183 382133911.3880
287051.9350 13250996.4966 17612412.9117 27384171.4293 382135348.6651
287074.1281 13167056.0801 17512005.2378 27361678.9936 382136769.5802
287096.0896 13083749.6868 17412323.6139 27339421.1814 382138174.3541
287117.8222 13001071.6916 17313361.7498 27317395.2008 382139563.2044
287139.3288 12919016.5251 17215113.4174 27295598.2969 382140936.3452
287160.6119 12837578.6757 17117572.4515 27274027.7517 382142293.9871
287181.6742 12756752.6867 17020732.7476 27252680.8831 382143636.3375
287202.5184 12676533.1576 16924588.2630 27231555.0451 382144963.6005
287223.1470 12596914.7421 16829133.0150 27210647.6264 382146275.9771
287243.5625 12517892.1475 16734361.0795 27189956.0506 382147573.6651
287263.7675 12439460.1352 16640266.5922 27169477.7752 382148856.8593
287283.7645 12361613.5191 16546843.7467 27149210.2914 382150125.7514
287303.5558 12284347.1650 16454086.7934 27129151.1234 382151380.5301
287323.1440 12207655.9904 16361990.0402 27109297.8280 382152621.3813
287342.5313 12131534.9638 16270547.8507 27089647.9942 382153848.4880
287361.7201 12055979.1043 16179754.6446 27070199.2426 382155062.0303
287380.7129 11980983.4805 16089604.8962 27050949.2252 382156262.1858
287399.5117 11906543.2109 16000093.1344 27031895.6245 382157449.1290
287418.1190 11832653.4622 15911213.9417 27013036.1536 382158623.0320
287436.5368 11759309.4496 15822961.9538 26994368.5551 382159784.0643
287454.7676 11686506.4360 15735331.8593 26975890.6015 382160932.3927
287472.8133 11614239.7309 15648318.3978 26957600.0937 382162068.1816
287490.6761 11542504.6913 15561916.3616 26939494.8620 382163191.5928
287508.3582 11471296.7195 15476120.5930 26921572.7641 382164302.7857
287525.8617 11400611.2640 15390925.9850 26903831.6860 382165401.9173
287543.1886 11330443.8177 15306327.4799 26886269.5409 382166489.1423
287560.3409 11260789.9189 15222320.0701 26868884.2689 382167564.6130
287577.3206 11191645.1494 15138898.7958 26851673.8370 382168628.4796
287594.1298 11123005.1347 15056058.7456 26834636.2381 382169680.8898
287610.7704 11054865.5432 14973795.0556 26817769.4911 382170721.9893
287627.2443 10987222.0867 14892102.9095 26801071.6404 382171751.9216
287643.5534 10920070.5184 14810977.5372 26784540.7555 382172770.8280
287659.6996 10853406.6336 14730414.2146 26768174.9306 382173778.8479
287675.6848 10787226.2686 14650408.2635 26751972.2844 382174776.1183
287691.5108 10721525.3005 14570955.0500 26735930.9595 382175762.7746
287707.1794 10656299.6466 14492049.9852 26720049.1224 382176738.9500
287722.6923 10591545.2646 14413688.5249 26704324.9629 382177704.7757
287738.0515 10527258.1510 14335866.1676 26688756.6939 382178660.3811
287753.2585 10463434.3424 14258578.4562 26673342.5510 382179605.8936
287768.3152 10400069.9130 14181820.9750 26658080.7923 382180541.4390
287783.2232 10337160.9755 14105589.3511 26642969.6980 382181467.1410
287797.9841 10274703.6799 14029879.2530 26628007.5697 382182383.1216
287812.5998 10212694.2145 13954686.3910 26613192.7310 382183289.5011
287827.0717 10151128.8038 13880006.5162 26598523.5264 382184186.3980
287841.4015 10090003.7092 13805835.4200 26583998.3215 382185073.9291
287855.5908 10029315.2280 13732168.9338 26569615.5021 382185952.2095
287869.6412 9969059.6929 13659002.9280 26555373.4746 382186821.3528
287883.5541 9909233.4731 13586333.3134 26541270.6655 382187681.4709
287897.3313 9849832.9715 13514156.0384 26527305.5207 382188532.6740
287910.9741 9790854.6263 13442467.0902 26513476.5059 382189375.0708
287924.4841 9732294.9098 13371262.4940 26499782.1058 382190208.7685
287937.8627 9674150.3286 13300538.3129 26486220.8242 382191033.8728
287951.1114 9616417.4224 13230290.6466 26472791.1835 382191850.4879
287964.2316 9559092.7633 13160515.6307 26459491.7244 382192658.7163
287977.2249 9502172.9574 13091209.4386 26446321.0059 382193458.6595
287990.0924 9445654.6425 13022368.2786 26433277.6048 382194250.4172
288002.8358 9389534.4883 12953988.3949 26420360.1156 382195034.0879
288015.4562 9333809.1969 12886066.0669 26407567.1503 382195809.7685
288027.9552 9278475.5016 12818597.6091 26394897.3379 382196577.5550
288040.3339 9223530.1668 12751579.3705 26382349.3246 382197337.5415
288052.5938 9168969.9871 12685007.7331 26369921.7732 382198089.8212
288064.7362 9114791.7880 12618879.1138 26357613.3628 382198834.4859
288076.7622 9060992.4248 12553189.9621 26345422.7890 382199571.6260
288088.6733 9007568.7825 12487936.7607 26333348.7632 382200301.3308
288100.4706 8954517.7761 12423116.0257 26321390.0130 382201023.6884
288112.1554 8901836.3489 12358724.3040 26309545.2812 382201738.7856
288123.7289 8849521.4734 12294758.1758 26297813.3262 382202446.7080
288135.1924 8797570.1509 12231214.2525 26286192.9215 382203147.5401
288146.5470 8745979.4103 12168089.1769 26274682.8557 382203841.3652
288157.7939 8694746.3091 12105379.6225 26263281.9320 382204528.2654
288168.9342 8643867.9318 12043082.2940 26251988.9683 382205208.3218
288179.9692 8593341.3908 11981193.9262 26240802.7969 382205881.6143
288190.9000 8543163.8249 11919711.2838 26229722.2643 382206548.2220
288201.7277 8493332.3998 11858631.1608 26218746.2307 382207208.2224
288212.4533 8443844.3081 11797950.3818 26207873.5705 382207861.6924
288223.0781 8394696.7680 11737665.7992 26197103.1714 382208508.7078
288233.6030 8345887.0246 11677774.2957 26186433.9349 382209149.3432
288244.0292 8297412.3474 11618272.7810 26175864.7754 382209783.6723
288254.3577 8249270.0317 11559158.1935 26165394.6206 382210411.7678
288264.5896 8201457.3975 11500427.4991 26155022.4108 382211033.7016
288274.7259 8153971.7908 11442077.6924 26144747.0994 382211649.5444
288284.7676 8106810.5816 11384105.7951 26134567.6523 382212259.3659
288294.7157 8059971.1639 11326508.8554 26124483.0476 382212863.2353
288304.5712 8013450.9562 11269283.9486 26114492.2759 382213461.2204
288314.3351 7967247.4003 11212428.1761 26104594.3395 382214053.3884
288324.0085 7921357.9620 11155938.6661 26094788.2529 382214639.8055
288333.5921 7875780.1306 11099812.5727 26085073.0424 382215220.5371
288343.0870 7830511.4180 11044047.0753 26075447.7457 382215795.6476
288352.4942 7785549.3596 10988639.3796 26065911.4121 382216365.2007
288361.8145 7740891.5126 10933586.7153 26056463.1020 382216929.2592
288371.0489 7696535.4572 10878886.3380 26047101.8871 382217487.8851
288380.1982 7652478.7956 10824535.5277 26037826.8501 382218041.1396
288389.2635 7608719.1516 10770531.5882 26028637.0845 382218589.0831
288398.2455 7565254.1710 10716871.8482 26019531.6945 382219131.7751
288407.1451 7522081.5209 10663553.6601 26010509.7948 382219669.2746
288415.9632 7479198.8899 10610574.3998 26001570.5108 382220201.6395
288424.7006 7436603.9873 10557931.4669 25992712.9779 382220728.9273
288433.3582 7394294.5439 10505622.2846 25983936.3418 382221251.1944
288441.9369 7352268.3103 10453644.2983 25975239.7583 382221768.4967
288450.4373 7310523.0580 10401994.9767 25966622.3930 382222280.8894
288458.8605 7269056.5780 10350671.8099 25958083.4211 382222788.4269
288467.2071 7227866.6821 10299672.3119 25949622.0279 382223291.1629
288475.4780 7186951.2011 10248994.0173 25941237.4076 382223789.1504
288483.6739 7146307.9859 10198634.4833 25932928.7643 382224282.4419
288491.7956 7105934.9066 10148591.2888 25924695.3112 382224771.0890
288499.8439 7065829.8528 10098862.0338 25916536.2707 382225255.1427
288507.8195 7025990.7328 10049444.3399 25908450.8742 382225734.6536
288515.7233 6986415.4737 10000335.8495 25900438.3620 382226209.6712
288523.5559 6947102.0212 9951534.2254 25892497.9832 382226680.2448
288531.3180 6908048.3396 9903037.1514 25884628.9957 382227146.4229
288539.0104 6869252.4111 9854842.3315 25876830.6659 382227608.2533
288546.6339 6830712.2359 9806947.4896 25869102.2685 382228065.7834
288554.1890 6792425.8325 9759350.3699 25861443.0869 382228519.0599
288561.6766 6754391.2364 9712048.7357 25853852.4125 382228968.1288
288569.0973 6716606.5011 9665040.3706 25846329.5449 382229413.0358
288576.4517 6679069.6978 9618323.0778 25838873.7918 382229853.8257
288583.7407 6641778.9141 9571894.6790 25831484.4689 382230290.5431
288590.9647 6604732.2552 9525753.0153 25824160.8997 382230723.2318
288598.1246 6567927.8422 9479895.9458 25816902.4152 382231151.9350
288605.2209 6531363.8136 9434321.3488 25809708.3543 382231576.6957
288612.2542 6495038.3241 9389027.1210 25802578.0635 382231997.5560
288619.2253 6458949.5447 9344011.1773 25795510.8965 382232414.5576
288626.1348 6423095.6628 9299271.4509 25788506.2146 382232827.7418
288632.9832 6387474.8819 9254805.8927 25781563.3863 382233237.1494
288639.7712 6352085.4204 9210612.4708 25774681.7872 382233642.8204
288646.4995 6316925.5135 9166689.1718 25767860.7999 382234044.7947
288653.1685 6281993.4111 9123033.9989 25761099.8143 382234443.1114
288659.7790 6247287.3791 9079644.9729 25754398.2270 382234837.8093
288666.3314 6212805.6980 9036520.1312 25747755.4413 382235228.9267
288672.8264 6178546.6639 8993657.5289 25741170.8675 382235616.5015
288679.2645 6144508.5871 8951055.2364 25734643.9223 382236000.5708
288685.6464 6110689.7934 8908711.3419 25728174.0291 382236381.1718
288691.9726 6077088.6231 8866623.9498 25721760.6180 382236758.3408
288698.2435 6043703.4306 8824791.1801 25715403.1250 382237132.1138
288704.4599 6010532.5844 8783211.1688 25709100.9928 382237502.5264
288710.6222 5977574.4682 8741882.0689 25702853.6702 382237869.6138
288716.7310 5944827.4791 8700802.0482 25696660.6124 382238233.4106
288722.7867 5912290.0281 8659969.2904 25690521.2803 382238593.9513
288728.7900 5879960.5397 8619381.9943 25684435.1410 382238951.2697
288734.7414 5847837.4523 8579038.3739 25678401.6676 382239305.3993
288740.6413 5815919.2184 8538936.6593 25672420.3391 382239656.3732
288746.4902 5784204.3029 8499075.0948 25666490.6401 382240004.2241
288752.2888 5752691.1849 8459451.9401 25660612.0612 382240348.9843
288758.0373 5721378.3560 8420065.4691 25654784.0984 382240690.6857
288763.7365 5690264.3203 8380913.9698 25649006.2534 382241029.3599
288769.3867 5659347.5958 8341995.7458 25643278.0333 382241365.0381
288774.9884 5628626.7124 8303309.1141 25637598.9507 382241697.7510
288780.5422 5598100.2134 8264852.4064 25631968.5238 382242027.5292
288786.0484 5567766.6540 8226623.9682 25626386.2759 382242354.4026
288791.5075 5537624.6021 8188622.1590 25620851.7354 382242678.4011
288796.9200 5507672.6376 8150845.3520 25615364.4363 382242999.5540
288802.2864 5477909.3526 8113291.9338 25609923.9174 382243317.8903
288807.6071 5448333.3514 8075960.3049 25604529.7226 382243633.4387
288812.8825 5418943.2496 8038848.8784 25599181.4009 382243946.2277
288818.1132 5389737.6753 8001956.0815 25593878.5061 382244256.2851
288823.2994 5360715.2680 7965280.3542 25588620.5971 382244563.6388
288828.4417 5331874.6786 7928820.1493 25583407.2373 382244868.3161
288833.5405 5303214.5696 7892573.9328 25578237.9952 382245170.3441
288838.5962 5274733.6148 7856540.1830 25573112.4437 382245469.7494
288843.6092 5246430.4991 7820717.3910 25568030.1606 382245766.5587
288848.5799 5218303.9190 7785104.0609 25562990.7280 382246060.7979
288853.5087 5190352.5814 7749698.7085 25557993.7329 382246352.4930
288858.3961 5162575.2047 7714499.8625 25553038.7666 382246641.6694
288863.2425 5134970.5176 7679506.0631 25548125.4246 382246928.3524
288868.0482 5107537.2597 7644715.8630 25543253.3072 382247212.5670
288872.8136 5080274.1810 7610127.8263 25538422.0187 382247494.3377
288877.5391 5053180.0425 7575740.5296 25533631.1678 382247773.6891
288882.2251 5026253.6150 7541552.5607 25528880.3673 382248050.6452
288886.8719 4999493.6799 7507562.5191 25524169.2343 382248325.2297
288891.4800 4972899.0290 7473769.0161 25519497.3901 382248597.4664
288896.0498 4946468.4639 7440170.6742 25514864.4598 382248867.3785
288900.5815 4920200.7961 7406766.1265 25510270.0726 382249134.9889
288905.0755 4894094.8472 7373554.0181 25505713.8618 382249400.3205
288909.5323 4868149.4489 7340533.0052 25501195.4646 382249663.3957
288913.9521 4842363.4420 7307701.7543 25496714.5220 382249924.2369
288918.3353 4816735.6778 7275058.9437 25492270.6789 382250182.8660
288922.6822 4791265.0163 7242603.2614 25487863.5838 382250439.3048
288926.9932 4765950.3272 7210333.4067 25483492.8892 382250693.5747
288931.2687 4740790.4901 7178248.0895 25479158.2513 382250945.6970
288935.5090 4715784.3934 7146346.0302 25474859.3296 382251195.6929
288939.7143 4690930.9345 7114625.9589 25470595.7876 382251443.5829
288943.8851 4666229.0204 7083086.6168 25466367.2923 382251689.3878
288948.0216 4641677.5667 7051726.7545 25462173.5139 382251933.1278
288952.1242 4617275.4981 7020545.1334 25458014.1265 382252174.8231
288956.1932 4593021.7481 6989540.5241 25453888.8074 382252414.4935
288960.2289 4568915.2591 6958711.7079 25449797.2374 382252652.1587
288964.2316 4544954.9823 6928057.4755 25445739.1007 382252887.8380
288968.2017 4521139.8770 6897576.6273 25441714.0846 382253121.5509
288972.1394 4497468.9119 6867267.9738 25437721.8801 382253353.3161
288976.0450 4473941.0634 6837130.3346 25433762.1809 382253583.1526
288979.9189 4450555.3166 6807162.5387 25429834.6845 382253811.0790
288983.7612 4427310.6642 6777363.4241 25425939.0910 382254037.1136
288987.5725 4404206.1083 6747731.8390 25422075.1041 382254261.2746
288991.3528 4381240.6584 6718266.6403 25418242.4303 382254483.5800
288995.1025 4358413.3321 6688966.6939 25414440.7794 382254704.0476
288998.8219 4335723.1552 6659830.8750 25410669.8639 382254922.6949
289002.5113 4313169.1615 6630858.0678 25406929.3997 382255139.5395
289006.1709 4290750.3926 6602047.1655 25403219.1053 382255354.5984
289009.8010 4268465.8973 6573397.0690 25399538.7024 382255567.8888
289013.4019 4246314.7327 6544906.6892 25395887.9153 382255779.4274
289016.9738 4224295.9635 6516574.9449 25392266.4715 382255989.2310
289020.5171 4202408.6617 6488400.7638 25388674.1009 382256197.3159
289024.0320 4180651.9071 6460383.0819 25385110.5367 382256403.6985
289027.5187 4159024.7869 6432520.8440 25381575.5145 382256608.3948
289030.9775 4137526.3953 6404813.0026 25378068.7726 382256811.4210
289034.4087 4116155.8341 6377258.5186 25374590.0523 382257012.7926
289037.8125 4094912.2122 6349856.3614 25371139.0972 382257212.5254
289041.1891 4073794.6458 6322605.5083 25367715.6538 382257410.6347
289044.5389 4052802.2581 6295504.9446 25364319.4712 382257607.1358
289047.8620 4031934.1791 6268553.6634 25360950.3009 382257802.0439
289051.1587 4011189.5463 6241750.6662 25357607.8971 382257995.3738
289054.4293 3990567.5035 6215094.9616 25354292.0163 382258187.1404
289057.6739 3970067.2019 6188585.5667 25351002.4179 382258377.3582
289060.8929 3949687.7991 6162221.5058 25347738.8633 382258566.0418
289064.0863 3929428.4596 6136001.8109 25344501.1166 382258753.2054
289067.2546 3909288.3542 6109925.5213 25341288.9443 382258938.8632
289070.3978 3889266.6609 6083991.6845 25338102.1151 382259123.0293
289073.5163 3869362.5636 6058199.3544 25334940.4003 382259305.7175
289076.6103 3849575.2534 6032547.5933 25331803.5733 382259486.9414
289079.6799 3829903.9273 6007035.4701 25328691.4100 382259666.7148
289082.7254 3810347.7885 5981662.0608 25325603.6884 382259845.0509
289085.7470 3790906.0469 5956426.4489 25322540.1887 382260021.9631
289088.7449 3771577.9186 5931327.7250 25319500.6936 382260197.4646
289091.7193 3752362.6257 5906364.9866 25316484.9878 382260371.5683
289094.6705 3733259.3966 5881537.3380 25313492.8581 382260544.2871
289097.5987 3714267.4656 5856843.8907 25310524.0937 382260715.6337
289100.5040 3695386.0734 5832283.7628 25307578.4856 382260885.6208
289103.3867 3676614.4660 5807856.0793 25304655.8271 382261054.2608
289106.2469 3657951.8960 5783559.9717 25301755.9136 382261221.5661
289109.0850 3639397.6218 5759394.5789 25298878.5425 382261387.5488
289111.9009 3620950.9071 5735359.0453 25296023.5132 382261552.2211
289114.6951 3602611.0220 5711452.5230 25293190.6271 382261715.5948
289117.4675 3584377.2418 5687674.1694 25290379.6877 382261877.6819
289120.2186 3566248.8476 5664023.1491 25287590.5004 382262038.4941
289122.9483 3548225.1262 5640498.6330 25284822.8724 382262198.0429
289125.6570 3530305.3702 5617099.7982 25282076.6130 382262356.3398
289128.3448 3512488.8775 5593825.8284 25279351.5335 382262513.3961
289131.0119 3494774.9513 5570675.9131 25276647.4467 382262669.2231
289133.6584 3477162.9004 5547649.2479 25273964.1676 382262823.8319
289136.2847 3459652.0386 5524745.0344 25271301.5128 382262977.2335
289138.8907 3442241.6855 5501962.4808 25268659.3010 382263129.4388
289141.4768 3424931.1658 5479300.8007 25266037.3523 382263280.4586
289144.0430 3407719.8093 5456759.2140 25263435.4890 382263430.3035
289146.5896 3390606.9514 5434336.9468 25260853.5349 382263578.9842
289149.1168 3373591.9324 5412033.2307 25258291.3156 382263726.5109
289151.6246 3356674.0972 5389847.3024 25255748.6584 382263872.8941
478459.3964 382508779.2822
293864.4274 6455960.3296 -950594.3248 20475654.3364 382508905.3277
293867.1732 6427961.9042 -961879.8702 20472868.2872 382509030.4984
293869.9005 6400083.2941 -973078.6280 20470101.0894 382509154.8019
293872.6093 6372323.7943 -984191.2039 20467352.5850 382509278.2457
293875.2999 6344682.7050 -995218.1985 20464622.6176 382509400.8371
293877.9724 6317159.3310 -1006160.2079 20461911.0323 382509522.5836
293880.6269 6289752.9824 -1017017.8228 20459217.6756 382509643.4924
293883.2635 6262462.9734 -1027791.6300 20456542.3956 382509763.5708
