10.0000 218556425.3234 260468150.7045 283403162.4436 259707461.6829
144.8584 218643065.9381 260578043.8592 283310932.8381 259808070.9311
639.8988 218960945.5053 260981027.9256 282972064.9523 260177104.7371
1584.7233 219566957.9554 261748356.0863 282323957.7308 260880193.5073
2878.9732 220395718.0276 262795651.0043 281433290.0497 261840653.5166
4373.6910 221351050.3007 263999709.1485 280400549.6708 262946050.3429
5952.3758 222358223.0729 265265103.0010 279305021.0446 264109067.3318
7542.1569 223370894.7442 266532892.7409 278196855.8966 265275591.2670
9102.1286 224363377.0848 267770613.0297 277104673.4390 266415669.0216
10610.9122 225322508.1527 268961819.2391 276043827.6753 267514008.8984
12058.2222 226242179.5971 270099065.9750 275022061.0018 268563582.5650
13439.9029 227120134.2950 271179806.5231 274042855.2165 269561879.4552
14755.1611 227956192.0875 272204124.7112 273107312.7153 270508829.6922
16005.0476 228751283.5411 273173501.3706 272215196.7539 271405671.1033
17191.6194 229506922.2482 274090141.3488 271365510.8142 272254328.7749
18317.4689 230224912.3331 274956600.8210 270556828.3703 273057069.7684
19385.4517 230907182.8687 275775576.5660 269787486.4911 273816306.6061
20398.5256 231555692.0406 276549784.2998 269055703.5455 274534482.8153
21359.6518 232172370.7572 277281887.4381 268359653.1431 275214005.1271
22271.7340 232759089.3502 277974455.4365 267697511.7621 275857203.1798
23137.5807 233317638.2982 278629940.1177 267067489.8262 276466306.0597
23959.8825 233849717.7660 279250663.3184 266467851.9075 277043429.5189
24741.1992 234356932.8274 279838811.8207 265896929.5408 277590570.1281
25483.9541 234840792.4131 280396437.0443 265353128.8830 278109604.0117
26190.4320 235302710.7049 280925457.8370 264834934.7296 278602288.6050
26862.7815 235744010.1136 281427665.2507 264340911.9438 279070266.3826
27503.0184 236165925.2531 281904728.5346 263869705.0529 279515069.8292
28113.0312 236569607.4899 282358201.8064 263420036.5747 279938127.1338
28694.5871 236956129.7875 282789531.0353 262990704.4741 280340768.2547
29249.3385 237326491.6372 283200061.0740 262580579.0593 280724231.0973
29778.8295 237681623.9421 283591042.5681 262188599.5366 281089667.6366
30284.5030 238022393.7585 283963638.6256 261813770.3898 281438149.8634
30767.7070 238349608.8360 284318931.1728 261455157.7018 281770675.4804
31229.7010 238664021.9224 284657926.9585 261111885.5008 282088173.3054
31671.6621 238966334.8117 284981563.1829 260783132.1929 282391508.3534
32094.6905 239257202.1293 285290712.7471 260468127.1199 282681486.5902
32499.8152 239537234.8563 285586189.1291 260166147.2679 282958859.3589
32887.9989 239807003.5957 285868750.8958 259876514.1454 283224327.4841
33260.1425 240067041.5984 286139105.8745 259598590.8313 283478545.0742
33617.0900 240317847.5568 286397914.9978 259331779.1998 283722123.0317
33959.6320 240559888.1794 286645795.8433 259075517.3211 283955632.2889
34288.5099 240793600.5654 286883325.8928 258829277.0283 284179606.7924
34604.4194 241019394.3857 287111045.5244 258592561.6521 284394546.2453
34908.0131 241237653.8951 287329460.7678 258364903.9051 284600918.6353
35199.9045 241448739.7810 287539045.8340 258145863.9158 284799162.5582
35480.6698 241652990.8636 287740245.4403 257935027.4007 284989689.3552
35750.8513 241850725.6609 287933476.9472 257732003.9656 285172885.0792
36010.9590 242042243.8283 288119132.3237 257536425.5282 285349112.3037
36261.4734 242227827.4858 288297579.9560 257347944.8515 285518711.7896
36502.8471 242407742.4365 288469166.3085 257166234.1861 285682004.0164
36735.5068 242582239.2938 288634217.4578 256990984.0047 285839290.5969
36959.8553 242751554.5163 288793040.5010 256821901.8315 285990855.5773
37176.2724 242915911.3641 288945924.8556 256658711.1531 286136966.6373
37385.1173 243075520.7850 289093143.4619 256501150.4038 286277876.2009
37586.7292 243230582.2236 289234953.8844 256348972.0309 286413822.4536
37781.4289 243381284.3815 289371599.3388 256201941.6148 286545030.2932
37969.5200 243527805.9102 289503309.6342 256059837.0593 286671712.1999
38151.2899 243670316.0567 289630302.0462 255922447.8353 286794630.3469
39174.5966 242979791.9567 290365477.3388 255147882.3783 287481658.7658
39350.4560 243113184.9293 290487402.9764 255014581.4314 287599610.9507
39520.5873 243243114.8081 290605067.9317 254885569.6607 287713661.8091
39685.2292 243369713.8597 290718651.6400 254760671.2092 287823977.1173
39844.6084 243493107.8192 290828324.2901 254639718.9100 287930714.0854
39998.9402 243613416.2800 290934247.3870 254522553.7851 288034021.8796
40148.4294 243730753.0574 291036574.2752 254409024.5766 288134042.1064
40293.2704 243845226.5306 291135450.6296 254298987.3051 288230909.2676
40433.6484 243956939.9561 291231014.9073 254192304.8619 288324751.1795
40569.7397 244065991.7647 291323398.7733 254088846.6223 288415689.3668
40701.7121 244172475.8355 291412727.4940 253988488.0870 288503839.4280
40829.7255 244276481.7503 291499120.3039 253891110.5477 288589311.3751
40953.9322 244378095.0369 291582690.7521 253796600.7675 288672209.9548
41074.4774 244477397.3933 291663547.0238 253704850.6852 288752634.9474
41191.4999 244574466.8965 291741792.2394 253615757.1386 288830681.4434
41305.1319 244669378.1957 291817524.7330 253529221.6062 288906440.1020
41415.4996 244762202.7001 291890838.3184 253445149.9589 288979997.3983
41522.7236 244853008.7495 291961822.5337 253363452.2322 289051435.8497
41626.9191 244941861.7768 292030562.8730 253284042.4079 289120834.2313
41728.1964 245028824.4591 292097141.0019 253206838.2124 289188267.7755
41826.6606 245113956.8587 292161634.9595 253131760.9258 289253808.3595
41922.4124 245197316.5587 292224119.3500 253058735.2005 289317524.6833
42015.5484 245278958.7888 292284665.5221 252987688.8911 289379482.4360
42106.1608 245358936.5440 292343341.7365 252918552.8946 289439744.4515
42194.3378 245437300.6909 292400213.3214 252851261.0038 289498370.8522
42280.1642 245514100.0765 292455342.8232 252785749.7612 289555419.1893
42363.7210 245589381.6281 292508790.1476 252721958.3246 289610944.5738
42445.0860 245663190.4443 292560612.6903 252659828.3414 289664999.7976
42524.3337 245735569.8839 292610865.4613 252599303.8288 289717635.4489
42601.5355 245806561.6451 292659601.1998 252540331.0629 289768900.0189
42676.7602 245876205.8484 292706870.4878 252482858.4689 289818840.0071
42750.0736 245944541.1074 292752721.8523 252426836.5218 289867500.0161
42821.5388 246011604.5993 292797201.8638 252372217.6505 289914922.8434
42891.2166 246077432.1314 292840355.2301 252318956.1469 289961149.5679
42959.1652 246142058.2019 292882224.8823 252267008.0815 290006219.6300
43025.4409 246205516.0607 292922852.0599 252216331.2207 290050170.9105
43090.0973 246267837.7632 292962276.3869 252166884.9519 290093039.8012
43153.1864 246329054.2251 293000535.9478 252118630.2088 290134861.2754
43214.7579 246389195.2735 293037667.3584 252071529.4019 290175668.9539
43274.8598 246448289.6923 293073705.8310 252025546.3540 290215495.1651
43333.5382 246506365.2673 293108685.2374 251980646.2389 290254371.0035
43390.8375 246563448.8272 293142638.1675 251936795.5228 290292326.3841
43446.8004 246619566.2917 293175595.9908 251893961.9030 290329390.0998
43501.4682 246674742.7009 293207588.9044 251852114.2612 290365589.8652
43554.8804 246729002.2566 293238645.9869 251811222.6099 290400952.3671
43607.0754 246782368.3573 293268795.2468 251771258.0433 290435503.3095
43658.0898 246834863.6323 293298063.6692 251732192.6913 290469267.4569
43707.9593 246886509.9688 293326477.2570 251693999.6790 290502268.6718
43756.7180 246937328.5453 293354061.0741 251656653.0829 290534529.9558
43804.3991 246987339.8601 293380839.2853 251620127.8907 290566073.4859
43851.0342 247036563.7590 293406835.1936 251584399.9643 290596920.6496
43896.6543 247085019.4561 293432071.2739 251549446.0069 290627092.0751
43941.2890 247132725.5673 293456569.2109 251515243.5228 290656607.6681
43984.9669 247179700.1232 293480349.9266 251481770.7921 290685486.6356
44027.7157 247225960.6045 293503433.6175 251449006.8311 290713747.5220
44069.5620 247271523.9525 293525839.7785 251416931.3694 290741408.2301
44110.5318 247316406.5933 293547587.2325 251385524.8199 290768486.0491
44150.6500 247360624.4579 293568694.1581 251354768.2509 290794997.6798
44189.9406 247404192.9991 293589178.1135 251324643.3616 290820959.2571
44228.4270 247447127.2125 293609056.0628 251295132.4551 290846386.3746
44266.1316 247489441.6500 293628344.3974 251266218.4179 290871294.1038
44303.0764 247531150.4375 293647058.9587 251237884.6956 290895697.0159
44339.2823 247572267.2919 293665215.0599 251210115.2713 290919609.2015
44374.7698 247612805.5343 293682827.5057 251182894.6453 290943044.2891
44409.5585 247652778.1052 293699910.6115 251156207.8156 290966015.4631
44443.6676 247692197.5757 293716478.2212 251130040.2604 290988535.4795
44477.1156 247731076.1604 293732543.7248 251104377.9200 291010616.6823
44509.9204 247769425.7343 293748120.0769 251079207.1768 291032271.0217
44542.0992 247807257.8468 293763219.8135 251054514.8380 291053510.0700
44573.6689 247844583.7234 293777855.0638 251030288.1251 291074345.0304
44604.6458 247881414.2862 293792037.5684 251006514.6538 291094786.7562
44635.0456 247917760.1540 293805778.6897 250983182.4255 291114845.7578
44664.8836 247953631.6618 293819089.4285 250960279.8077 291134532.2207
44694.1746 247989038.8705 293831980.4378 250937795.5203 291153856.0175
44722.9330 248023991.5696 293844462.0317 250915718.6276 291172826.7154
44751.1727 248058499.2912 293856544.2000 250894038.5224 291191453.5906
44778.9071 248092571.3159 293868236.6181 250872744.9163 291209745.6370
44806.1494 248126216.6847 293879548.6595 250851827.8255 291227711.5785
44832.9123 248159444.2038 293890489.4050 250831277.5629 291245359.8767
44859.2081 248192262.4506 293901067.6523 250811084.7278 291262698.7400
44885.0488 248224679.7863 293911291.9272 250791240.1932 291279736.1348
44910.4460 248256704.3564 293921170.4912 250771735.1000 291296479.7908
44935.4110 248288344.1066 293930711.3528 250752560.8421 291312937.2143
44959.9547 248319606.7793 293939922.2728 250733709.0641 291329115.6906
44984.0878 248350499.9264 293948810.7750 250715171.6485 291345022.2950
45007.8206 248381030.9085 293957384.1517 250696940.7113 291360663.8969
45031.1632 248411206.9106 293965649.4740 250679008.5888 291376047.1714
45054.1252 248441034.9418 293973613.5978 250661367.8335 291391178.6038
45076.7163 248470521.8386 293981283.1696 250644011.2075 291406064.4940
45098.9455 248499674.2767 293988664.6355 250626931.6720 291420710.9674
45120.8219 248528498.7694 293995764.2455 250610122.3846 291435123.9762
45142.3542 248557001.6804 294002588.0620 250593576.6878 291449309.3101
45163.5509 248585189.2171 294009141.9626 250577288.1095 291463272.5961
45184.4201 248613067.4441 294015431.6483 250561250.3517 291477019.3080
45204.9700 248640642.2811 294021462.6472 250545457.2883 291490554.7687
45225.2082 248667919.5144 294027240.3221 250529902.9555 291503884.1584
45245.1425 248694904.7947 294032769.8732 250514581.5501 291517012.5169
45264.7802 248721603.6417 294038056.3441 250499487.4231 291529944.7482
45284.1285 248748021.4520 294043104.6270 250484615.0735 291542685.6268
45303.1945 248774163.5006 294047919.4666 250469959.1437 291555239.8017
45321.9848 248800034.9429 294052505.4644 250455514.4161 291567611.7985
45340.5062 248825640.8180 294056867.0829 250441275.8085 291579806.0249
45358.7652 248850986.0550 294061008.6501 250427238.3684 291591826.7747
45376.7680 248876075.4689 294064934.3621 250413397.2724 291603678.2289
45394.5209 248900913.7735 294068648.2889 250399747.8167 291615364.4636
45412.0298 248925505.5789 294072154.3765 250386285.4167 291626889.4507
45429.3005 248949855.3886 294075456.4501 250373005.6057 291638257.0590
45446.3387 248973967.6142 294078558.2189 250359904.0253 291649471.0628
45463.1500 248997846.5746 294081463.2791 250346976.4232 291660535.1434
45479.7399 249021496.4930 294084175.1155 250334218.6534 291671452.8891
45496.1135 249044921.4967 294086697.1055 250321626.6740 291682227.7979
45512.2761 249068125.6331 294089032.5223 250309196.5366 291692863.2854
45528.2327 249091112.8598 294091184.5374 250296924.3901 291703362.6826
45543.9882 249113887.0523 294093156.2230 250284806.4745 291713729.2412
45559.5473 249136452.0014 294094950.5548 250272839.1209 291723966.1330
45574.9148 249158811.4202 294096570.4146 250261018.7456 291734076.4556
45590.0953 249180968.9460 294098018.5929 250249341.8480 291744063.2343
45605.0932 249202928.1400 294099297.7909 250237805.0087 291753929.4234
45619.9128 249224692.4882 294100410.6227 250226404.8880 291763677.9078
45634.5584 249246265.4049 294101359.6176 250215138.2222 291773311.5061
45649.0343 249267650.2329 294102147.2222 250204001.8222 291782832.9721
45663.3444 249288850.2474 294102775.8027 250192992.5699 291792244.9976
45677.4927 249309868.6529 294103247.6461 250182107.4186 291801550.2120
45691.4831 249330708.5972 294103564.9631 250171343.3844 291810751.1903
45705.3195 249351373.1541 294103729.8891 250160697.5540 291819850.4462
45719.0055 249371865.3359 294103744.4862 250150167.0766 291828850.4385
45732.5448 249392188.0937 294103610.7453 250139749.1626 291837753.5731
45745.9409 249412344.3134 294103330.5874 250129441.0850 291846562.2014
45759.1974 249432336.8297 294102905.8651 250119240.1704 291855278.6282
45772.3176 249452168.4190 294102338.3644 250109143.8017 291863905.1090
45785.3049 249471841.7900 294101629.8065 250099149.4221 291872443.8473
45798.1626 249491359.6066 294100781.8484 250089254.5218 291880897.0054
45810.8938 249510724.4713 294099796.0853 250079456.6460 291889266.6981
45823.5017 249529938.9382 294098674.0509 250069753.3868 291897554.9991
45835.9893 249549005.4993 294097417.2201 250060142.3895 291905763.9363
45848.3597 249567926.5993 294096027.0093 250050621.3437 291913895.4985
45860.6159 249586704.6286 294094504.7782 250041187.9864 291921951.6340
45872.7607 249605341.9291 294092851.8305 250031840.0977 291929934.2531
45884.7969 249623840.7928 294091069.4157 250022575.5010 291937845.2288
45896.7274 249642203.4611 294089158.7298 250013392.0621 291945686.3973
45908.5548 249660432.1271 294087120.9170 250004287.6873 291953459.5594
45920.2819 249678528.9305 294084957.0710 249995260.3253 291961166.4793
45931.9112 249696495.9631 294082668.2358 249986307.9634 291968808.8877
45943.4454 249714335.2731 294080255.4066 249977428.6245 291976388.4843
45954.8869 249732048.8625 294077719.5308 249968620.3678 291983906.9374
45966.2383 249749638.6838 294075061.5098 249959881.2895 291991365.8831
45977.5019 249767106.6428 294072282.1999 249951209.5208 291998766.9272
45988.6803 249784454.6017 294069382.4129 249942603.2256 292006111.6471
45999.7756 249801684.3691 294066362.9187 249934060.6045 292013401.5885
46010.7903 249818797.7162 294063224.4441 249925579.8863 292020638.2724
46021.7265 249835796.3690 294059967.6748 249917159.3313 292027823.1928
46032.5866 249852682.0044 294056593.2574 249908797.2321 292034957.8155
46043.3726 249869456.2528 294053101.8001 249900491.9121 292042043.5796
46054.0868 249886120.7015 294049493.8735 249892241.7229 292049081.8998
46064.7313 249902676.8951 294045770.0109 249884045.0438 292056074.1670
46075.3080 249919126.3286 294041930.7114 249875900.2840 292063021.7458
46085.8192 249935470.4548 294037976.4396 249867805.8792 292069925.9782
46096.2666 249951710.6800 294033907.6271 249859760.2923 292076788.1824
46106.6524 249967848.3649 294029724.6743 249851762.0131 292083609.6536
46116.9785 249983884.8242 294025427.9510 249843809.5575 292090391.6642
46127.2467 249999821.3274 294021017.7978 249835901.4667 292097135.4646
46137.4589 250015659.1009 294016494.5268 249828036.3059 292103842.2848
46147.6170 250031399.3205 294011858.4244 249820212.6672 292110513.3312
46157.7228 250047043.1188 294007109.7515 249812429.1656 292117149.7906
46167.7779 250062591.5802 294002248.7451 249804684.4412 292123752.8278
46177.7842 250078045.7454 293997275.6194 249796977.1565 292130323.5888
46187.7434 250093406.6076 293992190.5673 249789305.9976 292136863.1986
46197.6572 250108675.1114 293986993.7630 249781669.6747 292143372.7618
46207.5271 250123852.1559 293981685.3620 249774066.9201 292149853.3635
46217.3549 250138938.5947 293976265.5026 249766496.4882 292156306.0702
46227.1420 250153935.2336 293970734.3083 249758957.1557 292162731.9289
46236.8902 250168842.8280 293965091.8902 249751447.7233 292169131.9659
46246.6008 250183662.0892 293959338.3462 249743967.0119 292175507.1901
46256.2755 250198393.6802 293953473.7645 249736513.8647 292181858.5909
46265.9156 250213038.2165 293947498.2246 249729087.1467 292188187.1395
46275.5226 250227596.2653 293941411.7996 249721685.7447 292194493.7878
46285.0980 250242068.3492 293935214.5561 249714308.5656 292200779.4705
46294.6432 250256454.9419 293928906.5581 249706954.5384 292207045.1033
46304.1594 250270756.4716 293922487.8672 249699622.6123 292213291.5845
46313.6481 250284973.3203 293915958.5445 249692311.7574 292219519.7944
46323.1106 250299105.8234 293909318.6531 249685020.9648 292225730.5952
46332.5481 250313154.2753 293902568.2570 249677749.2433 292231924.8337
46341.9619 250327118.9191 293895707.4279 249670495.6259 292238103.3364
46351.3532 250340999.9603 293888736.2409 249663259.1617 292244266.9152
46360.7233 250354797.5601 293881654.7792 249656038.9203 292250416.3650
46370.0733 250368511.8371 293874463.1355 249648833.9908 292256552.4636
46379.4044 250382142.8697 293867161.4127 249641643.4810 292262675.9727
46388.7178 250395690.7010 293859749.7230 249634466.5149 292268787.6402
46398.0144 250409155.3315 293852228.1940 249627302.2368 292274888.1965
46407.2955 250422536.7323 293844596.9633 249620149.8051 292280978.3598
46416.5621 250435834.8335 293836856.1865 249613008.3982 292287058.8312
46425.8153 250449049.5354 293829006.0331 249605877.2093 292293130.2990
46435.0560 250462180.7074 293821046.6888 249598755.4474 292299193.4379
46444.2853 250475228.1922 293812978.3546 249591642.3351 292305248.9109
46453.5042 250488191.8074 293804801.2474 249584537.1087 292311297.3693
46462.7136 250501071.3457 293796515.6014 249577439.0179 292317339.4527
46471.9146 250513866.5768 293788121.6687 249570347.3258 292323375.7893
46481.1079 250526577.2513 293779619.7177 249563261.3066 292329406.9976
46490.2947 250539203.1055 293771010.0319 249556180.2441 292335433.6880
46499.4758 250551743.8611 293762292.9105 249549103.4315 292341456.4625
46508.6520 250564199.2313 293753468.6659 249542030.1692 292347475.9172
46517.8244 250576568.9174 293744537.6259 249534959.7662 292353492.6405
46526.9937 250588852.6135 293735500.1327 249527891.5386 292359507.2146
46536.1609 250601050.0175 293726356.5341 249520824.8032 292365520.2213
46545.3269 250613160.8182 293717107.1943 249513758.8855 292371532.2345
46554.4925 250625184.7093 293707752.4836 249506693.1116 292377543.8278
46563.6586 250637121.3931 293698292.7752 249499626.8065 292383555.5754
46572.8260 250648970.5745 293688728.4502 249492559.2976 292389568.0496
46581.9957 250660731.9654 293679059.8940 249485489.9122 292395581.8223
46591.1685 250672405.2917 293669287.4900 249478417.9737 292401597.4689
46600.3454 250683990.2941 293659411.6187 249471342.8008 292407615.5686
46609.5271 250695486.7224 293649432.6614 249464263.7109 292413636.7015
46618.7146 250706894.3471 293639350.9895 249457180.0131 292419661.4548
46627.9088 250718212.9551 293629166.9679 249450091.0107 292425690.4205
46637.1105 250729442.3540 293618880.9487 249442995.9979 292431724.1980
46646.3209 250740582.3665 293608493.2760 249435894.2634 292437763.3917
46655.5406 250751632.8420 293598004.2739 249428785.0823 292443808.6167
46664.7708 250762593.6492 293587414.2507 249421667.7210 292449860.4963
46674.0124 250773464.6804 293576723.4940 249414541.4329 292455919.6640
46683.2663 250784245.8492 293565932.2711 249407405.4604 292461986.7628
46692.5337 250794937.0951 293555040.8215 249400259.0304 292468062.4489
46701.8153 250805538.3788 293544049.3607 249393101.3568 292474147.3891
46711.1125 250816049.6823 293532958.0772 249385931.6401 292480242.2617
46720.4260 250826471.0072 293521767.1329 249378749.0674 292486347.7561
46729.7572 250836802.3850 293510476.6490 249371552.8044 292492464.5798
46739.1070 250847043.8614 293499086.7208 249364342.0054 292498593.4499
46748.4765 250857195.5060 293487597.4050 249357115.8053 292504735.0997
46757.8670 250867257.4047 293476008.7254 249349873.3245 292510890.2748
46767.2796 250877229.6625 293464320.6675 249342613.6650 292517059.7363
46776.7154 250887112.4026 293452533.1769 249335335.9107 292523244.2606
46786.1756 250896905.7620 293440646.1620 249328039.1285 292529444.6378
46795.6616 250906609.8941 293428659.4884 249320722.3663 292535661.6748
46805.1745 250916224.9671 293416572.9784 249313384.6522 292541896.1947
46814.7157 250925751.1572 293404386.4163 249306024.9981 292548149.0342
46824.2864 250935188.6518 293392099.5431 249298642.3970 292554421.0458
46833.8880 250944537.6497 293379712.0525 249291235.8206 292560713.1003
46843.5218 250953798.3548 293367223.5974 249283804.2232 292567026.0827
46853.1892 250962970.9741 293354633.7901 249276346.5422 292573360.8923
46862.8916 250972055.7218 293341942.1945 249268861.6931 292579718.4467
46872.6305 250981052.8156 293329148.3282 249261348.5714 292586099.6806
46882.4072 250989962.4731 293316251.6658 249253806.0538 292592505.5440
46892.2233 250998784.9095 293303251.6396 249246232.9993 292598937.0020
46902.0803 251007520.3409 293290147.6329 249238628.2446 292605395.0384
46911.9797 251016168.9789 293276938.9855 249230990.6073 292611880.6529
46921.9230 251024731.0279 293263624.9956 249223318.8873 292618394.8601
46931.9118 251033206.6907 293250204.9095 249215611.8601 292624938.6950
46941.9478 251041596.1574 293236677.9359 249207868.2853 292631513.2059
46952.0326 251049899.6144 293223043.2308 249200086.8972 292638119.4622
46962.1678 251058117.2344 293209299.9106 249192266.4123 292644758.5483
46972.3552 251066249.1761 293195447.0512 249184405.5289 292651431.5639
46982.5963 251074295.5912 293181483.6741 249176502.9182 292658139.6311
46992.8931 251082256.6118 293167408.7662 249168557.2355 292664883.8854
47003.2472 251090132.3602 293153221.2608 249160567.1091 292671665.4850
47013.6604 251097922.9402 293138920.0503 249152531.1472 292678485.6047
47024.1347 251105628.4373 293124503.9855 249144447.9371 292685345.4369
47034.6718 251113248.9193 293109971.8711 249136316.0419 292692246.1940
47045.2735 251120784.4340 293095322.4696 249128134.0029 292699189.1069
47055.9420 251128235.0074 293080554.5025 249119900.3391 292706175.4248
47066.6790 251135600.6477 293065666.6400 249111613.5417 292713206.4203
47077.4866 251142881.3374 293050657.5161 249103272.0815 292720283.3830
47088.3667 251150077.0374 293035525.7175 249094874.4025 292727407.6247
47099.3215 251157187.6861 293020269.7839 249086418.9216 292734580.4800
47110.3529 251164213.1954 293004888.2149 249077904.0318 292741803.3034
47121.4632 251171153.4511 292989379.4665 249069328.0997 292749077.4712
47132.6544 251178008.3142 292973741.9479 249060689.4633 292756404.3837
47143.9287 251184777.6182 292957974.0233 249051986.4326 292763785.4648
47155.2884 251191461.1670 292942074.0173 249043217.2915 292771222.1595
47166.7357 251198058.7359 292926040.2091 249034380.2947 292778715.9377
47178.2730 251204570.0737 292909870.8260 249025473.6629 292786268.2973
47189.9024 251210994.8942 292893564.0618 249016495.5929 292793880.7564
47201.6264 251217332.8831 292877118.0580 249007444.2461 292801554.8623
47213.4475 251223583.6952 292860530.9085 248998317.7510 292809292.1897
47225.3681 251229746.9515 292843800.6649 248989114.2050 292817094.3394
47237.3906 251235822.2411 292826925.3284 248979831.6698 292824962.9418
47249.5177 251241809.1183 292809902.8571 248970468.1741 292832899.6547
47261.7518 251247707.1034 292792731.1592 248961021.7101 292840906.1665
47274.0958 251253515.6806 292775408.0984 248951490.2347 292848984.1946
47286.5522 251259234.2998 292757931.4848 248941871.6648 292857135.4899
47299.1237 251264862.3741 292740299.0797 248932163.8787 292865361.8357
47311.8132 251270399.2772 292722508.6006 248922364.7181 292873665.0450
47324.6236 251275844.3470 292704557.7080 248912471.9804 292882046.9683
47337.5576 251281196.8816 292686444.0134 248902483.4221 292890509.4897
47350.6183 251286456.1401 292668165.0748 248892396.7556 292899054.5302
47363.8087 251291621.3407 292649718.3988 248882209.6499 292907684.0469
47377.1318 251296691.6600 292631101.4397 248871919.7287 292916400.0343
47390.5907 251301666.2331 292612311.5948 248861524.5675 292925204.5270
47404.1887 251306544.1527 292593346.2056 248851021.6933 292934099.6002
47417.9290 251311324.4666 292574202.5598 248840408.5847 292943087.3688
47431.8148 251316006.1783 292554877.8881 248829682.6694 292952169.9902
47445.8497 251320588.2457 292535369.3619 248818841.3222 292961349.6658
47460.0371 251325069.5813 292515674.0898 248807881.8617 292970628.6435
47474.3804 251329449.0491 292495789.1231 248796801.5530 292980009.2157
47488.8833 251333725.4649 292475711.4510 248785597.6035 292989493.7226
47503.5494 251337897.5954 292455437.9972 248774267.1605 292999084.5542
47518.3826 251341964.1572 292434965.6190 248762807.3095 293008784.1520
47533.3866 251345923.8144 292414291.1132 248751215.0764 293018595.0065
47548.5654 251349775.1785 292393411.2080 248739487.4221 293028519.6625
47563.9229 251353516.8074 292372322.5610 248727621.2402 293038560.7202
47579.4633 251357147.2032 292351021.7650 248715613.3592 293048720.8338
47595.1907 251360664.8129 292329505.3336 248703460.5333 293059002.7194
47611.1094 251364068.0247 292307769.7142 248691159.4484 293069409.1492
47627.2237 251367355.1688 292285811.2729 248678706.7127 293079942.9600
47643.5382 251370524.5148 292263626.3022 248666098.8594 293090607.0505
47660.0574 251373574.2702 292241211.0167 248653332.3435 293101404.3841
47676.7860 251376502.5796 292218561.5501 248640403.5385 293112337.9919
47693.7287 251379307.5232 292195673.9503 248627308.7322 293123410.9753
47710.8905 251381987.1140 292172544.1888 248614044.1310 293134626.5036
47728.2762 251384539.2977 292149168.1453 248600605.8497 293145987.8215
47745.8911 251386961.9501 292125541.6131 248586989.9126 293157498.2483
47763.7404 251389252.8757 292101660.2935 248573192.2496 293169161.1815
47781.8295 251391409.8059 292077519.7968 248559208.6946 293180980.0979
47800.1637 251393430.3968 292053115.6363 248545034.9809 293192958.5571
47818.7489 251395312.2277 292028443.2291 248530666.7399 293205100.2029
47837.5906 251397052.7986 292003497.8927 248516099.4974 293217408.7663
47856.6949 251398649.5285 291978274.8403 248501328.6690 293229888.0689
47876.0677 251400099.7530 291952769.1830 248486349.5601 293242542.0234
47895.7152 251401400.7223 291926975.9209 248471157.3585 293255374.6390
47915.6438 251402549.5987 291900889.9420 248455747.1319 293268390.0243
47935.8599 251403543.4542 291874506.0242 248440113.8275 293281592.3868
47956.3703 251404379.2679 291847818.8291 248424252.2655 293294986.0384
47977.1818 251405053.9237 291820822.8947 248408157.1340 293308575.4000
47998.3013 251405564.2075 291793512.6375 248391822.9870 293322365.0026
48019.7360 251405906.8042 291765882.3449 248375244.2381 293336359.4924
48041.4934 251406078.2952 291737926.1781 248358415.1603 293350563.6316
48063.5809 251406075.1550 291709638.1623 248341329.8771 293364982.3046
48086.0062 251405893.7485 291681012.1848 248323982.3598 293379620.5213
48108.7774 251405530.3275 291652041.9929 248306366.4228 293394483.4197
48131.9026 251404981.0275 291622721.1898 248288475.7196 293409576.2703
48155.3901 251404241.8644 291593043.2273 248270303.7349 293424904.4818
48179.2486 251403308.7302 291563001.4019 248251843.7798 293440473.6051
48203.4868 251402177.3906 291532588.8557 248233088.9897 293456289.3349
48228.1138 251400843.4796 291501798.5644 248214032.3137 293472357.5186
48253.1388 251399302.4967 291470623.3385 248194666.5125 293488684.1576
48278.5715 251397549.8022 291439055.8149 248174984.1501 293505275.4142
48304.4217 251395580.6128 291407088.4524 248154977.5880 293522137.6162
48330.6993 251393389.9976 291374713.5292 248134638.9798 293539277.2613
48357.4147 251390972.8731 291341923.1335 248113960.2623 293556701.0240
48384.5786 251388323.9985 291308709.1634 248092933.1521 293574415.7585
48412.2019 251385437.9705 291275063.3130 248071549.1324 293592428.5095
48440.2958 251382309.2181 291240977.0689 248049799.4479 293610746.5161
48468.8718 251378931.9976 291206441.7092 248027675.0995 293629377.2158
48497.9417 251375300.3864 291171448.2918 248005166.8333 293648328.2536
48527.5179 251371408.2777 291135987.6481 247982265.1322 293667607.4888
48557.6128 251367249.3744 291100050.3813 247958960.2103 293687222.9990
48588.2393 251362817.1824 291063626.8507 247935241.9984 293707183.0920
48619.4106 251358105.0040 291026707.1689 247911100.1378 293727496.3109
48651.1405 251353105.9318 290989281.1940 247886523.9699 293748171.4419
48683.4430 251347812.8410 290951338.5203 247861502.5257 293769217.5232
48716.3325 251342218.3820 290912868.4689 247836024.5138 293790643.8539
48749.8238 251336314.9735 290873860.0841 247810078.3135 293812460.0002
48783.9324 251330094.7933 290834302.1159 247783651.9568 293834675.8089
48818.6739 251323549.7713 290794183.0183 247756733.1224 293857301.4127
48854.0646 251316671.5796 290753490.9333 247729309.1184 293880347.2438
48890.1212 251309451.6245 290712213.6840 247701366.8721 293903824.0419
48926.8610 251301881.0369 290670338.7663 247672892.9174 293927742.8638
48964.3015 251293950.6625 290627853.3327 247643873.3776 293952115.0975
49002.4612 251285651.0508 290584744.1802 247614293.9507 293976952.4737
49041.3589 251276972.4461 290540997.7448 247584139.8975 294002267.0746
49081.0139 251267904.7755 290496600.0849 247553396.0241 294028071.3486
49121.4463 251258437.6377 290451536.8684 247522046.6644 294054378.1227
49162.6766 251248560.2908 290405793.3590 247490075.6633 294081200.6172
49204.7262 251238261.6401 290359354.4037 247457466.3595 294108552.4578
49247.6169 251227530.2249 290312204.4168 247424201.5659 294136447.6918
49291.3715 251216354.2047 290264327.3635 247390263.5494 294164900.8037
49336.0132 251204721.3458 290215706.7475 247355634.0126 294193926.7289
49381.5660 251192619.0052 290166325.5905 247320294.0703 294223540.8727
49428.0550 251180034.1165 290116166.4171 247284224.2283 294253759.1265
49475.5056 251166953.1730 290065211.2372 247247404.3612 294284597.8850
49523.9443 251153362.2115 290013441.5263 247209813.6870 294316074.0656
49573.3986 251139246.7935 289960838.2047 247171430.7413 294348205.1290
49623.8966 251124591.9872 289907381.6158 247132233.3501 294381009.1000
49675.4675 251109382.3500 289853051.5124 247092198.6078 294414504.5838
49728.1413 251093601.9065 289797827.0268 247051302.8431 294448710.7930
49781.9493 251077234.1287 289741686.6522 247009521.5922 294483647.5681
49836.9236 251060261.9121 289684608.2106 246966829.5617 294519335.4057
49893.0973 251042667.5551 289626568.8373 246923200.6032 294555795.4779
49950.5049 251024432.7336 289567544.9475 246878607.6743 294593049.6630
50009.1820 251005538.4759 289507512.2113 246833022.8039 294631120.5704
50069.1651 250985965.1373 289446445.5248 246786417.0559 294670031.5699
50130.4924 250965692.3704 289384318.9756 246738760.4856 294709806.8236
50193.2032 250944699.0979 289321105.8150 246690022.1027 294750471.3150
50257.3382 250922963.4819 289256778.4238 246640169.8266 294792050.8819
50322.9394 250900462.8934 289191308.2810 246589170.4447 294834572.2484
50390.0505 250877173.8752 289124665.9165 246536989.5564 294878063.0675
50458.7166 250853072.1116 289056820.8850 246483591.5331 294922551.9503
50528.9845 250828132.3874 288987741.7157 246428939.4582 294968068.5121
50600.9025 250802328.5519 288917395.8751 246372995.0764 295014643.4097
50674.5209 250775633.4791 288845749.7255 246315718.7386 295062308.3827
50749.8917 250748019.0236 288772768.4736 246257069.3378 295111096.3013
50827.0687 250719455.9760 288698416.1227 246197004.2467 295161041.2132
50906.1078 250689914.0158 288622655.4197 246135479.2498 295212178.3935
50987.0670 250659361.6641 288545447.8076 246072448.4790 295264544.3927
51070.0062 250627766.2296 288466753.3627 246007864.3350 295318177.0942
51154.9880 250595093.7558 288386530.7399 245941677.4145 295373115.7689
51242.0769 250561308.9615 288304737.1054 245873836.4249 295429401.1369
51331.3401 250526375.1812 288221328.0723 245804288.1004 295487075.4298
51422.8473 250490254.3027 288136257.6349 245732977.1151 295546182.4535
51516.6710 250452906.6982 288049478.0920 245659845.9857 295606767.6598
51612.8861 250414291.1558 287960939.9737 245584834.9745 295668878.2159
51711.5710 250374364.8018 287870591.9554 245507881.9811 295732563.0839
51812.8067 250333083.0260 287778380.7796 245428922.4371 295797873.0960
51916.6776 250290399.3950 287684251.1592 245347889.1844 295864861.0426
52023.2715 250246265.5660 287588145.6842 245264712.3539 295933581.7593
52132.6795 250200631.1961 287490004.7274 245179319.2402 296004092.2160
52244.9966 250153443.8434 287389766.3345 245091634.1622 296076451.6163
52360.3215 250104648.8624 287287366.1109 245001578.3163 296150721.5023
52478.7571 250054189.2981 287182737.1094 244909069.6299 296226965.8573
52600.4102 250002005.7669 287075809.7001 244814022.5945 296305251.2244
52725.3924 249948036.3375 286966511.4423 244716348.0996 296385646.8223
52853.8197 249892216.4003 286854766.9455 244615953.2518 296468224.6718
52985.8132 249834478.5317 286740497.7217 244512741.1853 296553059.7280
53121.4988 249774752.3458 286623622.0251 244406610.8561 296640230.0234
53261.0080 249712964.3461 286504054.6960 244297456.8369 296729816.8079
53404.4780 249649037.7581 286381706.9781 244185169.0846 296821904.7104
53552.0517 249582892.3577 286256486.3349 244069632.7026 296916581.9003
53703.8783 249514444.2893 286128296.2561 243950727.6906 297013940.2577
53860.1138 249443605.8696 285997036.0455 243828328.6722 297114075.5584
54020.9207 249370285.3806 285862600.6004 243702304.6110 297217087.6649
54186.4690 249294386.8505 285724880.1763 243572518.5078 297323080.7294
54356.9363 249215809.8182 285583760.1343 243438827.0773 297432163.4098
54532.5082 249134449.0878 285439120.6810 243301080.4115 297544449.0916
54713.3787 249050194.4600 285290836.5787 243159121.6111 297660056.1323
54899.7507 248962930.4527 285138776.8477 243012786.4025 297779108.1117
55091.8367 248872536.0012 284982804.4477 242861902.7296 297901734.0970
55289.8589 248778884.1356 284822775.9314 242706290.3126 298028068.9296
55494.0500 248681841.6398 284658541.0807 242545760.1828 298158253.5234
55704.6538 248581268.6901 284489942.5240 242380114.1935 298292435.1763
55921.9257 248477018.4652 284316815.3192 242209144.4891 298430767.9073
56146.1333 248368936.7299 284138986.5093 242032632.9412 298573412.8111
56377.5573 248256861.3931 283956274.6542 241850350.5522 298720538.4299
56616.4922 248140622.0328 283768489.3236 241662056.8128 298872321.1513
56863.2468 248020039.3901 283575430.5599 241467499.0223 299028945.6258
57118.1455 247894924.8242 283376888.2979 241266411.5549 299190605.2130
57381.5287 247765079.7364 283172641.7560 241058515.0899 299357502.4451
57653.7542 247630294.9442 282962458.7681 240843515.7722 299529849.5289
57935.1979 247490350.0164 282746095.0805 240621104.3277 299707868.8686
58226.2550 247345012.5608 282523293.5970 240390955.1148 299891793.6198
58527.3413 247194037.4558 282293783.5624 240152725.1049 300081868.2802
58838.8939 247037166.0328 282057279.6995 239906052.8019 300278349.3060
59161.3733 246874125.1889 281813481.2662 239650557.0703 300481505.7762
59495.2640 246704626.4491 281562071.0668 239385835.9043 300691620.0751
59841.0767 246528364.9434 281302714.3685 239111465.0864 300908988.6330
60199.3493 246345018.3236 281035057.7584 238826996.7742 301133922.6886
60570.6488 246154245.5882 280758727.9019 238531957.9720 301366749.1058
60955.5732 245955685.8210 280473330.2102 238225848.8949 301607811.2327
61354.7535 245748956.8471 280178447.4257 237908141.2382 301857469.7901
61768.8552 245533653.7735 279873638.0816 237578276.3004 302116103.8223
62198.5812 245309347.4379 279558434.8714 237235663.0036 302384111.6734
62644.6736 245075582.7304 279232342.8819 236879675.7588 302661912.0208
63107.9161 244831876.7981 278894837.7061 236509652.1964 302949944.9449
63589.1369 244577717.1214 278545363.4241 236124890.7499 303248673.0351
64089.2114 244312559.4508 278183330.4400 235724648.0818 303558582.5334
64609.0647 244035825.5935 277808113.1604 235308136.3391 303880184.5147
65149.6751 243746901.0576 277419047.5324 234874520.2605 304214016.0765
65712.0770 243445132.5353 277015428.4137 234422914.1099 304560641.5460
66297.3640 243129825.2218 276596506.7767 233952378.4443 304920653.6858
66906.6929 242800239.9691 276161486.7445 233461916.7184 305294674.8822
67541.2868 242455590.2883 275709522.4800 232950471.7601 305683358.2763
68202.4386 242095039.1799 275239714.8998 232416922.0938 306087388.8374
68891.5149 241717695.8275 274751108.2619 231860078.1779 306507484.3137
69609.9595 241322612.1633 274242686.6312 231278678.5779 306944396.0252
70359.2967 240908779.3347 270346260.1700 228880972.1788 308727941.9634
73506.8843 240906500.7767 269664693.5614 228110551.4228 309294831.4941
74495.4057 240398783.0826 268952046.6804 227303020.6167 309885825.5251
75529.8857 239864479.0779 268206520.0994 226456275.7107 310502019.2313
76612.7452 239301972.7601 267426215.2808 225568108.0684 311144530.8476
77746.4963 238709558.5093 266609135.8799 224636208.5526 311814493.2538
78933.7297 238085443.1160 265753191.7416 223658175.1849 312513042.7608
80177.0975 237427750.6073 264856206.4681 222631525.4444 313241304.4737
81479.2879 236734530.7622 263915929.6350 221553714.5021 314000373.5155
82842.9920 236003772.3842 262930054.9386 220422160.9005 314791291.3311
84270.8596 235233422.5833 261896245.7540 219234281.3997 315615016.2647
85765.4429 234421413.4540 260812169.7246 217987536.8280 316472387.6551
87329.1251 233565697.5810 259675544.0109 216679490.7185 317364082.8962
88964.0349 232664293.7087 258484192.6643 215307882.2478 318290567.2653
90671.9436 231715343.5208 257236117.0513 213870714.2426 319252036.9961
92454.1481 230717179.7530 255929579.3098 212366355.8024 320248357.0226
94311.3422 229668404.6129 254563197.2378 210793657.0981 321278996.1890
96243.4834 228567975.7515 253136046.8769 209152071.2967 322342964.3285
98249.6641 227415294.8527 251647766.4168 207441775.4241 323438757.3442
100328.0019 226210291.5715 250098652.3034 205663778.8072 324564317.8610
102475.5633 224953493.6183 248489736.2740 203820005.3960 325717019.6165
104688.3367 223646072.9719 246822831.3467 201913335.7993 326893682.9192
106961.2686 222289859.1580 245100536.3085 199947597.1206 328090625.8871
109288.3648 220887313.6712 243326192.4117 197927494.1011 329303751.8009
111662.8577 219441464.5926 241503792.2664 195858482.8955 330528667.5683
114077.4213 217955806.2892 239637848.0462 193746597.4330 331760823.2109
116524.4170 216434174.2794 237733232.2427 191598245.4685 332995658.8836
118996.1424 214880608.5451 235795007.6960 189419995.2251 334228745.1577
121485.0609 213299219.0306 233828263.7027 187218373.1111 335455904.2688
123983.9949 211694064.9852 231837972.0166 184999688.9254 336673304.0040
126486.2711 210069056.0458 229828871.6649 182769898.7346 337877520.6612
128985.8160 208427878.6944 227805386.1744 180534508.9998 339065571.8900
131477.2054 206773947.9970 225771572.2853 178298520.0773 340234923.3685
133955.6756 205110381.8300 223731096.0717 176066403.4998 341383475.0123
136417.1049 203439993.3729 221687230.8390 173842105.7230 342509532.8007
138857.9751 201765297.2068 219642870.8175 171629070.7624 343611771.8184
141275.3211 200088524.6690 217600555.2119 169430274.9362 344689195.0967
143666.6749 198411644.8010 215562498.1231 167248268.1907 345741091.6821
146030.0082 196736388.0469 213530620.9325 165085217.8620 346766996.2710
148363.6770 195064270.6654 211506584.7677 162942952.0097 347766651.8328
150666.3703 193396618.4950 209491821.5066 160823000.5004 348739975.9552
152937.0637 191734589.2358 207487562.4211 158726632.8043 349687031.1652
155174.9779 190079192.8200 205494864.0423 156654892.0525 350607999.1502
157379.5423 188431309.6868 203514631.1241 154608625.2550 351503158.6324
159550.3640 186791706.9793 201547636.8013 152588509.8382 352372866.5396
161687.2001 185161052.7603 199594540.1282 150595076.7662 353217542.0927
163789.9348 183539928.4188 197655901.2589 148628730.5916 354037653.4234
165858.5596 181928839.4554 195732194.5399 146689766.7898 354833706.3651
167893.1562 180328224.8270 193823819.7667 144778386.7071 355606235.0974
169893.8819 178738465.0456 191931111.8669 142894710.4556 356355794.3554
171860.9578 177159889.1883 190054349.2184 141038788.0268 357082952.9615
173794.6579 175592780.9746 188193760.8101 139210608.8862 357788288.4659
175695.3005 174037384.0374 186349532.4054 137410110.2579 358472382.7202
177563.2401 172493906.5074 184521811.8655 135637184.2972 359135818.2308
179398.8618 170962524.9997 182710713.7442 133891684.2995 359779175.1693
181202.5748 169443388.0998 180916323.2780 132173430.0991 360403028.9281
182974.8084 167936619.4063 179138699.8426 130482212.7563 361007948.1392
184716.0075 166442320.2039 177377879.9689 128817798.6481 361594493.0755
186426.6295 164960571.8139 175633879.9747 127179933.0393 362163214.3753
188107.1409 163491437.6607 173906698.2635 125568343.2003 362714652.0395
189758.0153 162034965.1024 172196317.3451 123982741.1430 363249334.6535
191379.7307 160591187.0515 170502705.6125 122422826.0217 363767778.8000
192972.7680 159160123.4117 168825818.9055 120888286.2383 364270488.6318
194537.6093 157741782.3593 167165601.8960 119378801.2991 364757955.5766
196074.7365 156336161.4859 165521989.3134 117894043.4483 365230658.1542
197584.6301 154943248.8190 163894907.0326 116433679.1079 365689061.8862
199067.7683 153563023.7393 162284273.0440 114997370.1513 366133619.2822
200524.6261 152195457.8013 160689998.3156 113584775.0235 366564769.8918
201955.6747 150840515.4747 159111987.5665 112195549.7356 366982940.4078
203361.3805 149498154.8101 157550139.9554 110829348.7390 367388544.8140
204742.2051 148168328.0427 156004349.7022 109485825.7017 367781984.5679
206098.6047 146850982.1396 154474506.6461 108164634.1940 368163648.8113
207431.0294 145546059.2891 152960496.7411 106865428.2886 368533914.6062
208739.9235 144253497.3572 151462202.5170 105587863.1017 368893147.1850
210025.7248 142973230.2919 149979503.4811 104331595.2586 369241700.2177
211288.8646 141705188.4970 148512276.4905 103096283.3108 369579916.0873
212529.7675 140449299.1711 147060396.0847 101881588.0996 369908126.1743
213748.8513 139205486.6201 145623734.7921 100687173.0779 370226651.1440
214946.5270 137973672.5384 144202163.4009 99512704.5881 370535801.2385
216123.1986 136753776.2736 142795551.2161 98357852.1103 370835876.5675
217279.2632 135545715.0618 141403766.2823 97222288.4720 371127167.4006
218415.1107 134349404.2483 140026675.5940 96105690.0333 371409954.4566
219531.1244 133164757.4877 138664145.2827 95007736.8437 371684509.1904
220627.6805 131991686.9328 137316040.7940 93928112.7806 371951094.0750
221705.1482 130830103.4033 135982227.0431 92866505.6621 372209962.8811
222763.8900 129679916.5438 134662568.5599 91822607.3431 372461360.9501
223804.2616 128541034.9681 133356929.6191 90796113.7940 372705525.4627
224826.6118 127413366.3959 132065174.3653 89786725.1672 372942685.7008
225831.2830 126296817.7759 130787166.9210 88794145.8471 373173063.3036
226818.6108 125191295.4015 129522771.4902 87818084.4900 373396872.5179
227788.9246 124096705.0147 128271852.4484 86858254.0498 373614320.4418
228742.5470 123012951.9094 127034274.4334 85914371.8010 373825607.2609
229679.7948 121939941.0173 125809902.4173 84986159.3432 374030926.4800
230600.9781 120877576.9965 124598601.7833 84073342.6069 374230465.1460
231506.4012 119825764.3081 123400238.3887 83175651.8462 374424404.0657
232396.3623 118784407.2888 122214678.6258 82292821.6277 374612918.0168
233271.1537 117753410.2196 121041789.4775 81424590.8139 374796175.9522
234131.0619 116732677.3877 119881438.5681 80570702.5404 374974341.1979
234976.3677 115722113.1448 118733494.2089 79730904.1899 375147571.6452
235807.3462 114721621.9617 117597825.4414 78904947.3614 375316019.9361
236624.2673 113731108.4769 116474302.0748 78092587.8353 375479833.6435
237427.3951 112750477.5440 115362794.7219 77293585.5366 375639155.4444
238216.9887 111779634.2770 114263174.8335 76507704.4967 375794123.2884
238993.3018 110818484.0866 113175314.7237 75734712.8077 375944870.5603
239756.5833 109866932.7196 112099087.5992 74974382.5800 376091526.2369
240507.0768 108924886.2934 111034367.5833 74226489.8955 376234215.0387
241245.0211 107992251.3286 109981029.7382 73490814.7602 376373057.5767
241970.6504 107068934.7760 108938950.0823 72767141.0533 376508170.4940
242684.1938 106154844.0463 107908005.6101 72055256.4777 376639666.6024
243385.8761 105249887.0350 106888074.3076 71354952.5089 376767655.0143
244075.9176 104353972.1452 105879035.1660 70666024.3417 376892241.2707
244754.5340 103467008.3095 104880768.1942 69988270.8381 377013527.4634
245421.9368 102588905.0110 103893154.4312 69321494.4742 377131612.3542
246078.3331 101719572.2994 102916075.9532 68665501.2852 377246591.4896
246723.9261 100858920.8098 101949415.8838 68020100.8125 377358557.3110
247358.9146 100006861.7776 100993058.4012 67385106.0491 377467599.2617
247983.4938 99163307.0525 100046888.7434 66760333.3859 377573803.8896
248597.8546 98328169.1113 99110793.2126 66145602.5565 377677254.9467
249202.1844 97501361.0705 98184659.1814 65540736.5845 377778033.4846
249796.6666 96682796.6961 97268375.0934 64945561.7286 377876217.9475
250381.4812 95872390.4144 96361830.4671 64359907.4297 377971884.2608
250956.8044 95070057.3182 95464915.8947 63783606.2561 378065105.9175
251522.8089 94275713.1772 94577523.0457 63216493.8522 378155954.0611
252079.6642 93489274.4452 93699544.6659 62658408.8859 378244497.5653
252627.5361 92710658.2630 92830874.5747 62109192.9946 378330803.1118
253166.5874 91939782.4678 91971407.6664 61568690.7357 378414935.2644
253696.9773 91176565.5971 91121039.9091 61036749.5355 378496956.5408
254218.8624 90420926.8895 90279668.3371 60513219.6358 378576927.4822
254732.3956 89672786.2919 89447191.0528 59997954.0470 378654906.7198
255237.7272 88932064.4595 88623507.2204 59490808.4960 378730951.0399
255735.0044 88198682.7611 87808517.0648 58991641.3802 378805115.4453
256224.3714 87472563.2795 87002121.8663 58500313.7177 378877453.2159
256705.9697 86753628.8110 86204223.9533 58016689.0984 378948015.9663
257179.9381 86041802.8702 85414726.7027 57540633.6405 379016853.7020
257646.4124 85337009.6845 84633534.5275 57072015.9394 379084014.8729
258105.5259 84639174.2007 83860552.8783 56610707.0270 379149546.4257
258557.4094 83948222.0798 83095688.2330 56156580.3233 379213493.8536
259002.1909 83264079.6973 82338848.0910 55709511.5929 379275901.2452
259439.9961 82586674.1433 81589940.9684 55269378.9022 379336811.3309
259870.9482 81915933.2208 80848876.3914 54836062.5763 379396265.5279
260295.1679 81251785.4437 80115564.8889 54409445.1564 379454303.9839
260712.7737 80594160.0347 79389917.9855 53989411.3582 379510965.6190
261123.8817 79942986.9203 78671848.1914 53575848.0296 379566288.1664
261528.6059 79298196.7326 77961269.0001 53168644.1128 379620308.2111
261927.0578 78659720.8051 77258094.8786 52767690.6040 379673061.2279
262319.3472 78027491.1693 76562241.2604 52372880.5143 379724581.6176
262705.5813 77401440.5519 75873624.5370 51984108.8318 379774902.7424
263085.8655 76781502.3692 75192162.0489 51601272.4823 379824056.9598
263460.3032 76167610.7280 74517772.0817 51224270.2958 379872075.6551
263828.9957 75559700.4176 73850373.8537 50853002.9668 379918989.2735
264192.0425 74957706.9074 73189887.5095 50487373.0204 379964827.3500
264549.5410 74361566.3439 72536234.1128 50127284.7774 380009618.5396
264901.5870 73771215.5443 71889335.6358 49772644.3190 380053390.6451
265248.2741 73186591.9945 71249114.9537 49423359.4540 380096170.6450
265589.6945 72607633.8426 70615495.8337 49079339.6853 380137984.7199
265925.9385 72034279.8985 69988402.9313 48740496.1787 380178858.2780
266257.0947 71466469.6241 69367761.7761 48406741.7287 380218815.9802
266583.2499 70904143.1295 68753498.7651 48077990.7278 380257881.7638
266904.4894 70347241.1717 68145541.1570 47754159.1375 380296078.8653
267220.8969 69795705.1467 67543817.0613 47435164.4565 380333429.8435
267532.5545 69249477.0848 66948255.4294 47120925.6911 380369956.6003
267839.5427 68708499.6464 66358786.0479 46811363.3271 380405680.4017
268141.9404 68172716.1168 65775339.5293 46506399.3011 380440621.8982
268439.8254 67642070.4016 65197847.3044 46205956.9724 380474801.1439
268733.2736 67116507.0202 64626241.6124 45909961.0955 380508237.6155
269022.3597 66595971.1017 64060455.4935 45618337.7936 380540950.2303
269307.1571 66080408.3782 63500422.7793 45331014.5313 380572957.3638
269587.7375 65569765.1809 62946078.0854 45047920.0898 380604276.8668
269864.1717 65063988.4340 62397356.8028 44768984.5410 380634926.0815
270136.5288 64563025.6519 61854195.0918 44494139.2240 380664921.8575
270404.8769 64066824.9298 61316529.8697 44223316.7186 380694280.5670
270669.2827 63575334.9407 60784298.8046 43956450.8227 380723018.1198
270929.8117 63088504.9299 60257440.3079 43693476.5288 380751149.9775
271186.5281 62606284.7101 59735893.5256 43434330.0010 380778691.1670
271439.4951 62128624.6540 59219598.3289 43178948.5522 380805656.2946
271688.7747 61655475.6904 58708495.3073 42927270.6220 380832059.5583
271934.4276 61186789.3000 58202525.7615 42679235.7558 380857914.7604
272176.5136 60722517.5072 57701631.6935 42434784.5828 380883235.3198
272415.0912 60262612.8775 57205755.8005 42193858.7957 380908034.2837
272650.2180 59807028.5095 56714841.4643 41956401.1296 380932324.3387
272881.9506 59355718.0314 56228832.7468 41722355.3431 380956117.8220
273110.3443 58908635.5950 55747674.3793 41491666.1975 380979426.7315
273335.4536 58465735.8704 55271311.7570 41264279.4386 381002262.7368
273557.3320 58026974.0407 54799690.9300 41040141.7772 381024637.1884
273776.0320 57592305.7977 54332758.5970 40819200.8719 381046561.1278
273991.6052 57161687.3351 53870462.0966 40601405.3092 381068045.2962
274204.1022 56735075.3435 53412749.3996 40386704.5868 381089100.1441
274413.5727 56312427.0060 52959569.1029 40175049.0965 381109735.8396
274620.0655 55893699.9930 52510870.4215 39966390.1066 381129962.2770
274823.6286 55478852.4563 52066603.1809 39760679.7456 381149789.0848
275024.3092 55067843.0234 51626717.8095 39557870.9851 381169225.6335
275222.1533 54660630.7941 51191165.3329 39357917.6247 381188281.0435
275417.2065 54257175.3350 50759897.3662 39160774.2763 381206964.1923
275609.5134 53857436.6735 50332866.1064 38966396.3479 381225283.7216
275799.1178 53461375.2927 49910024.3250 38774740.0287 381243248.0444
275986.0627 53068952.1280 49491325.3633 38585762.2751 381260865.3514
276170.3905 52680128.5607 49076723.1233 38399420.7954 381278143.6179
276352.1426 52294866.4134 48666172.0620 38215674.0358 381295090.6096
276531.3599 51913127.9449 48259627.1838 38034481.1662 381311713.8893
276708.0825 51534875.8463 47857044.0355 37855802.0673 381328020.8220
276882.3497 51160073.2357 47458378.6986 37679597.3168 381344018.5813
277054.2002 50788683.6539 47063587.7839 37505828.1766 381359714.1545
277223.6721 50420671.0570 46672628.4221 37334456.5785 381375114.3484
277390.8026 50055999.8162 46285458.2617 37165445.1139 381390225.7939
277555.6285 49694634.7101 45902035.4600 36998757.0202 381405054.9514
277718.1858 49336540.9190 45522318.6757 36834356.1677 381419608.1158
277878.5099 48981684.0233 45146267.0658 36672207.0495 381433891.4208
278036.6357 48630029.9983 44773840.2785 36512274.7696 381447910.8437
278192.5973 48281545.2087 44404998.4466 36354525.0307 381461672.2100
278346.4284 47936196.4037 44039702.1809 36198924.1232 381475181.1975
278498.1620 47593950.7146 43677912.5661 36045438.9150 381488443.3402
278647.8306 47254775.6482 43319591.1536 35894036.8398 381501464.0330
278795.4659 46918639.0854 42964699.9572 35744685.8877 381514248.5350
278941.0995 46585509.2724 42613201.4443 35597354.5934 381526801.9737
279084.7621 46255354.8201 42265058.5332 35452012.0271 381539129.3484
279226.4839 45928144.7000 41920234.5877 35308627.7851 381551235.5339
279366.2949 45603848.2382 41578693.4100 35167171.9788 381563125.2839
279504.2241 45282435.1104 41240399.2340 35027615.2255 381574803.2345
279640.3004 44963875.3410 40905316.7236 34889928.6398 381586273.9073
279774.5521 44648139.2968 40573410.9647 34754083.8237 381597541.7125
279907.0068 44335197.6836 40244647.4607 34620052.8583 381608610.9522
280037.6921 44025021.5421 39918992.1273 34487808.2940 381619485.8232
280166.6346 43717582.2446 39596411.2878 34357323.1433 381630170.4197
280293.8607 43412851.4903 39276871.6672 34228570.8711 381640668.7367
280419.3966 43110801.3010 38960340.3871 34101525.3866 381650984.6719
280543.2676 42811404.0189 38646784.9616 33976161.0359 381661122.0289
280665.4988 42514632.3018 38336173.2921 33852452.5932 381671084.5198
280786.1149 42220459.1193 38028473.6621 33730375.2538 381680875.7671
280905.1402 41928857.7491 37723654.7325 33609904.6255 381690499.3066
281022.5985 41639801.7732 37421685.5363 33491016.7216 381699958.5899
281138.5132 41353265.0759 37122535.4762 33373687.9539 381709256.9858
281252.9074 41069221.8384 36826174.3176 33257895.1250 381718397.7836
281365.8038 40787646.5361 36532572.1855 33143615.4213 381727384.1943
281477.2246 40508513.9348 36241699.5587 33030826.4063 381736219.3534
281587.1918 40231799.0860 35953527.2652 32919506.0129 381744906.3223
281695.7270 39957477.3272 35668026.4809 32809632.5382 381753448.0906
281802.8513 39685524.2738 35385168.7204 32701184.6357 381761847.5781
281908.5855 39415915.8193 35104925.8369 32594141.3093 381770107.6363
282012.9503 39148628.1306 34827270.0161 32488481.9074 381778231.0504
282115.9658 38883637.6451 34552173.7722 32384186.1163 381786220.5409
282217.6517 38620921.0666 34279609.9436 32281233.9540 381794078.7655
282318.0277 38360455.3635 34009551.6896 32179605.7647 381801808.3206
282417.1129 38102217.7645 33741972.4852 32079282.2127 381809411.7429
282514.9262 37846185.7561 33476846.1184 31980244.2767 381816891.5109
282611.4861 37592337.0793 33214146.6855 31882473.2445 381824250.0465
282706.8110 37340649.7264 32953848.5870 31785950.7069 381831489.7164
282800.9188 37091101.9387 32695926.5249 31690658.5531 381838612.8336
282893.8271 36843672.2026 32440355.4977 31596578.9647 381845621.6585
282985.5534 36598339.2470 32187110.7970 31503694.4110 381852518.4006
283076.1148 36355082.0403 31936168.0041 31411987.6435 381859305.2198
283165.5281 36113879.7882 31687502.9866 31321441.6913 381865984.2273
283253.8099 35874711.9294 31441091.8935 31232039.8559 381872557.4870
283340.9765 35637558.1348 31196911.1537 31143765.7067 381879027.0170
283427.0438 35402398.3028 30954937.4704 31056603.0762 381885394.7902
283512.0278 35169212.5587 30715147.8202 30970536.0553 381891662.7359
283595.9438 34937981.2486 30477519.4459 30885548.9885 381897832.7408
283678.8072 34708684.9409 30242029.8574 30801626.4701 381903906.6498
283760.6331 34481304.4197 30008656.8244 30718753.3392 381909886.2674
283841.4361 34255820.6853 29777378.3766 30636914.6758 381915773.3585
283921.2308 34032214.9504 29548172.7984 30556095.7968 381921569.6493
284000.0317 33810468.6371 29321018.6263 30476282.2511 381927276.8285
284077.8527 33590563.3749 29095894.6453 30397459.8164 381932896.5482
284154.7077 33372480.9980 28872779.8865 30319614.4948 381938430.4245
284230.6104 33156203.5435 28651653.6238 30242732.5089 381943880.0388
284305.5743 32941713.2481 28432495.3705 30166800.2982 381949246.9383
284379.6125 32728992.5464 28215284.8768 30091804.5154 381954532.6371
284452.7380 32518024.0675 28000002.1262 30017732.0221 381959738.6167
284524.9638 32308790.6333 27786627.3326 29944569.8858 381964866.3272
284596.3023 32101275.2570 27575140.9386 29872305.3764 381969917.1877
284666.7660 31895461.1395 27365523.6115 29800925.9623 381974892.5872
284736.3672 31691331.6677 27157756.2407 29730419.3074 381979793.8855
284805.1178 31488870.4124 26951819.9350 29660773.2675 381984622.4134
284873.0297 31288061.1262 26747696.0205 29591975.8872 381989379.4739
284940.1145 31088887.7409 26545366.0369 29524015.3965 381994066.3427
285006.3838 30891334.3651 26344811.7351 29456880.2075 381998684.2689
285071.8488 30695385.2828 26146015.0746 29390558.9117 382003234.4752
285136.5206 30501024.9516 25948958.2217 29325040.2770 382007718.1594
285200.4102 30308237.9983 25753623.5450 29260313.2437 382012136.4941
285263.5283 30117009.2202 25559993.6150 29196366.9229 382016490.6277
285325.8857 29927323.5810 25368051.2007 29133190.5931 382020781.6852
285387.4927 29739166.2093 25177779.2672 29070773.6970 382025010.7683
285448.3596 29552522.3968 24989160.9731 29009105.8393 382029178.9560
285508.4965 29367377.5960 24802179.6683 28948176.7836 382033287.3057
285567.9135 29183717.4183 24616818.8914 28887976.4498 382037336.8527
285626.6203 29001527.6322 24433062.3675 28828494.9115 382041328.6118
285684.6267 28820794.1617 24250894.0058 28769722.3934 382045263.5770
285741.9422 28641503.0840 24070297.8976 28711649.2689 382049142.7222
285798.5760 28463640.6284 23891258.3144 28654266.0574 382052967.0018
285854.5376 28287193.1738 23713759.7045 28597563.4223 382056737.3511
285909.8359 28112147.2463 23537786.6913 28541532.1675 382060454.6866
285964.4800 27938489.5188 23363324.0713 28486163.2364 382064119.9065
286018.4787 27766206.8090 23190356.8126 28431447.7090 382067733.8911
286071.8406 27595286.0776 23018870.0522 28377376.7995 382071297.5034
286124.5743 27425714.4257 22848849.0935 28323941.8543 382074811.5893
286176.6882 27257479.0945 22680279.4048 28271134.3497 382078276.9778
286228.1908 27090567.4620 22513146.6167 28218945.8895 382081694.4818
286279.0900 26924967.0428 22347436.5205 28167368.2033 382085064.8983
286329.3941 26760665.4866 22183135.0671 28116393.1445 382088389.0086
286379.1109 26597650.5751 22020228.3633 28066012.6878 382091667.5788
286428.2483 26435910.2217 21858702.6709 28016218.9276 382094901.3601
286476.8139 26275432.4701 21698544.4053 27967004.0758 382098091.0892
286524.8153 26116205.4918 21539740.1325 27918360.4600 382101237.4885
286572.2601 25958217.5853 21382276.5682 27870280.5217 382104341.2665
286619.1556 25801457.1736 21226140.5745 27822756.8139 382107403.1182
286665.5090 25645912.8042 21071319.1599 27775782.0001 382110423.7250
286711.3275 25491573.1474 20917799.4773 27729348.8520 382113403.7555
286756.6181 25338426.9933 20765568.8207 27683450.2476 382116343.8655
286801.3878 25186463.2522 20614614.6251 27638079.1701 382119244.6985
286845.6435 25035670.9520 20464924.4637 27593228.7054 382122106.8855
286889.3917 24886039.2375 20316486.0471 27548892.0410 382124931.0458
286932.6392 24737557.3687 20169287.2208 27505062.4640 382127717.7870
286975.3926 24590214.7200 20023315.9645 27461733.3602 382130467.7053
287017.6582 24444000.7777 19878560.3898 27418898.2113 382133181.3856
287059.4424 24298905.1396 19735008.7380 27376550.5944 382135859.4021
287100.7515 24154917.5136 19592649.3803 27334684.1801 382138502.3180
287141.5917 24012027.7162 19451470.8145 27293292.7309 382141110.6864
287181.9689 23870225.6719 19311461.6650 27252370.0999 382143685.0500
287221.8893 23729501.4108 19172610.6799 27211910.2294 382146225.9412
287261.3586 23589845.0672 19034906.7293 27171907.1487 382148733.8831
287300.3828 23451246.8808 18898338.8062 27132354.9744 382151209.3889
287338.9675 23313697.1927 18762896.0223 27093247.9071 382153652.9624
287377.1185 23177186.4451 18628567.6078 27054580.2313 382156065.0982
287414.8411 23041705.1816 18495342.9106 27016346.3137 382158446.2820
287452.1411 22907244.0439 18363211.3935 26978540.6020 382160796.9905
287489.0237 22773793.7707 18232162.6329 26941157.6230 382163117.6921
287525.4943 22641345.1988 18102186.3191 26904191.9824 382165408.8463
287561.5582 22509889.2601 17973272.2535 26867638.3629 382167670.9046
287597.2205 22379416.9809 17845410.3475 26831491.5228 382169904.3103
287632.4863 22249919.4806 17718590.6213 26795746.2954 382172109.4989
287667.3607 22121387.9716 17592803.2028 26760397.5875 382174286.8979
287701.8486 21993813.7575 17468038.3266 26725440.3784 382176436.9273
287735.9549 21867188.2315 17344286.3313 26690869.7183 382178559.9996
287769.6845 21741502.8750 17221537.6587 26656680.7274 382180656.5201
287803.0421 21616749.2587 17099782.8539 26622868.5953 382182726.8868
287836.0324 21492919.0410 16979012.5639 26589428.5795 382184771.4907
287868.6600 21370003.9652 16859217.5349 26556356.0042 382186790.7161
287900.9294 21247995.8604 16740388.6122 26523646.2596 382188784.9402
287932.8452 21126886.6394 16622516.7387 26491294.8007 382190754.5341
287964.4117 21006668.2976 16505592.9532 26459297.1460 382192699.8620
287995.6334 20887332.9140 16389608.3913 26427648.8773 382194621.2820
288026.5145 20768872.6482 16274554.2821 26396345.6380 382196519.1458
288057.0594 20651279.7403 16160421.9481 26365383.1326 382198393.7994
288087.2720 20534546.5089 16047202.8031 26334757.1250 382200245.5823
288117.1567 20418665.3519 15934888.3524 26304463.4387 382202074.8285
288146.7175 20303628.7451 15823470.1916 26274497.9550 382203881.8663
288175.9583 20189429.2402 15712940.0045 26244856.6127 382205667.0183
288204.8832 20076059.4651 15603289.5626 26215535.4065 382207430.6014
288233.4960 19963512.1230 15494510.7249 26186530.3870 382209172.9275
288261.8006 19851779.9909 15386595.4358 26157837.6594 382210894.3028
288289.8008 19740855.9197 15279535.7246 26129453.3825 382212595.0286
288317.5003 19630732.8317 15173323.7040 26101373.7681 382214275.4010
288344.9028 19521403.7212 15067951.5692 26073595.0803 382215935.7112
288372.0119 19412861.6538 14963411.5980 26046113.6343 382217576.2453
288398.8313 19305099.7647 14859696.1487 26018925.7963 382219197.2848
288425.3645 19198111.2591 14756797.6599 25992027.9821 382220799.1065
288451.6149 19091889.4097 14654708.6486 25965416.6566 382222381.9825
288477.5860 18986427.5570 14553421.7099 25939088.3328 382223946.1803
288503.2813 18881719.1083 14452929.5158 25913039.5716 382225491.9632
288528.7040 18777757.5380 14353224.8157 25887266.9807 382227019.5899
288553.8575 18674536.3853 14254300.4334 25861767.2139 382228529.3150
288578.7450 18572049.2543 14156149.2679 25836536.9707 382230021.3889
288603.3697 18470289.8123 14058764.2908 25811572.9949 382231496.0577
288627.7349 18369251.7909 13962138.5474 25786872.0750 382232953.5638
288651.8436 18268928.9834 13866265.1545 25762431.0425 382234394.1453
288675.6989 18169315.2458 13771137.3007 25738246.7720 382235818.0367
288699.3039 18070404.4943 13676748.2438 25714316.1801 382237225.4685
288722.6615 17972190.7067 13583091.3124 25690636.2252 382238616.6675
288745.7749 17874667.9194 13490159.9026 25667203.9062 382239991.8569
288768.6467 17777830.2288 13397947.4791 25644016.2627 382241351.2562
288791.2800 17681671.7894 13306447.5738 25621070.3739 382242695.0816
288813.6776 17586186.8134 13215653.7845 25598363.3579 382244023.5456
288835.8423 17491369.5710 13125559.7753 25575892.3717 382245336.8572
288857.7769 17397214.3875 13036159.2739 25553654.6099 382246635.2225
288879.4841 17303715.6448 12947446.0731 25531647.3048 382247918.8438
288900.9665 17210867.7804 12859414.0288 25509867.7254 382249187.9206
288922.2269 17118665.2864 12772057.0599 25488313.1772 382250442.6490
288943.2680 17027102.7090 12685369.1470 25466981.0013 382251683.2221
288964.0921 16936174.6475 12599344.3318 25445868.5742 382252909.8300
288984.7020 16845875.7541 12513976.7162 25424973.3069 382254122.6596
289005.1002 16756200.7345 12429260.4635 25404292.6449 382255321.8950
289025.2891 16667144.3443 12345189.7943 25383824.0674 382256507.7175
289045.2712 16578701.3915 12261758.9886 25363565.0866 382257680.3056
289065.0489 16490866.7345 12178962.3845 25343513.2478 382258839.8347
289084.6246 16403635.2814 12096794.3766 25323666.1282 382259986.4778
289104.0007 16317001.9898 12015249.4162 25304021.3370 382261120.4051
289123.1795 16230961.8670 11934322.0112 25284576.5149 382262241.7841
289142.1633 16145509.9677 11854006.7239 25265329.3331 382263350.7799
289160.9544 16060641.3954 11774298.1719 25246277.4936 382264447.5549
289179.5550 15976351.3011 11695191.0271 25227418.7284 382265532.2690
289197.9672 15892634.8816 11616680.0138 25208750.7988 382266605.0798
289216.1934 15809487.3802 11538759.9093 25190271.4952 382267666.1424
289234.2357 15726904.0863 11461425.5434 25171978.6370 382268715.6094
289252.0961 15644880.3355 11384671.7983 25153870.0719 382269753.6314
289269.7768 15563411.5073 11308493.6065 25135943.6752 382270780.3564
289287.2798 15482493.0259 11232885.9512 25118197.3501 382271795.9303
289304.6072 15402120.3591 11157843.8654 25100629.0266 382272800.4968
289321.7610 15322289.0185 11083362.4317 25083236.6615 382273794.1974
289338.7432 15242994.5588 11009436.7818 25066018.2381 382274777.1716
289355.5558 15164232.5761 10936062.0947 25048971.7653 382275749.5565
289372.2007 15085998.7096 10863233.5982 25032095.2779 382276711.4876
289388.6798 15008288.6396 10790946.5668 25015386.8358 382277663.0979
289404.9949 14931098.0879 10719196.3220 24998844.5239 382278604.5188
289421.1481 14854422.8169 10647978.2316 24982466.4514 382279535.8795
289437.1411 14778258.6290 10577287.7087 24966250.7518 382280457.3075
289452.9757 14702601.3662 10507120.2117 24950195.5825 382281368.9281
289468.6537 14627446.9105 10437471.2437 24934299.1241 382282270.8652
289484.1769 14552791.1823 10368336.3519 24918559.5806 382283163.2404
289499.5471 14478630.1407 10299711.1273 24902975.1788 382284046.1738
289514.7659 14404959.7832 10231591.2041 24887544.1680 382284919.7837
289529.8351 14331776.1454 10163972.2598 24872264.8198 382285784.1866
289544.7564 14259075.2990 10096850.0132 24857135.4273 382286639.4975
289559.5315 14186853.3537 10030220.2254 24842154.3056 382287485.8293
289574.1619 14115106.4549 9964078.6987 24827319.7907 382288323.2938
289588.6493 14043830.7850 9898421.2765 24812630.2400 382289152.0008
289602.9953 13973022.5617 9833243.8427 24798084.0312 382289972.0586
289617.2014 13902678.0391 9768542.3217 24783679.5628 382290783.5740
289631.2693 13832793.5046 9704312.6764 24769415.2529 382291586.6522
289645.2005 13763365.2808 9640550.9090 24755289.5398 382292381.3969
289658.9965 13694389.7254 9577253.0613 24741300.8812 382293167.9104
289672.6588 13625863.2289 9514415.2124 24727447.7540 382293946.2934
289686.1888 13557782.2163 9452033.4800 24713728.6545 382294716.6452
289699.5882 13490143.1458 9390104.0194 24700142.0973 382295479.0638
289712.8582 13422942.5075 9328623.0223 24686686.6158 382296233.6457
289726.0003 13356176.8249 9267586.7173 24673360.7614 382296980.4860
289739.0160 13289842.6532 9206991.3694 24660163.1037 382297719.6786
289751.9067 13223936.5793 9146833.2791 24647092.2298 382298451.3159
289764.6736 13158455.2225 9087108.7834 24634146.7447 382299175.4891
289777.3182 13093395.2329 9027814.2536 24621325.2702 382299892.2882
289789.8418 13028753.2908 8968946.0959 24608626.4454 382300601.8017
289802.2458 12964526.1074 8910500.7505 24596048.9261 382301304.1170
289814.5314 12900710.4242 8852474.6921 24583591.3845 382301999.3204
289826.7000 12837303.0120 8794864.4284 24571252.5094 382302687.4968
289838.7528 12774300.6730 8737666.5018 24559031.0056 382303368.7300
289850.6911 12711700.2368 8680877.4862 24546925.5939 382304043.1026
289862.5161 12649498.5625 8624493.9885 24534935.0105 382304710.6962
289874.2290 12587692.5380 8568512.6477 24523058.0073 382305371.5911
289885.8312 12526279.0799 8512930.1353 24511293.3513 382306025.8666
289897.3237 12465255.1324 8457743.1535 24499639.8247 382306673.6007
289908.7078 12404617.6676 8402948.4362 24488096.2245 382307314.8707
289919.9847 12344363.6848 8348542.7477 24476661.3621 382307949.7525
289931.1554 12284490.2110 8294522.8831 24465334.0636 382308578.3212
289942.2212 12224994.3003 8240885.6682 24454113.1693 382309200.6507
289953.1832 12165873.0332 8187627.9582 24442997.5337 382309816.8140
289964.0425 12107123.5162 8134746.6376 24431986.0248 382310426.8830
289974.8001 12048742.8828 8082238.6210 24421077.5246 382311030.9288
289985.4573 11990728.2912 8030100.8509 24410270.9285 382311629.0215
289996.0150 11933076.9265 7978330.2995 24399565.1451 382312221.2300
290006.4743 11875785.9980 7926923.9666 24388959.0963 382312807.6225
290016.8363 11818852.7409 7875878.8805 24378451.7170 382313388.2664
290027.1021 11762274.4142 7825192.0966 24368041.9546 382313963.2279
290037.2725 11706048.3022 7774860.6982 24357728.7694 382314532.5724
290047.3488 11650171.7133 7724881.7959 24347511.1340 382315096.3647
290057.3317 11594641.9804 7675252.5272 24337388.0334 382315654.6683
290067.2225 11539456.4600 7625970.0563 24327358.4648 382316207.5462
290077.0219 11484612.5317 7577031.5732 24317421.4371 382316755.0604
290086.7311 11430107.5993 7528434.2946 24307575.9712 382317297.2721
290096.3508 11375939.0893 7480175.4630 24297821.0998 382317834.2417
290105.8822 11322104.4508 7432252.3459 24288155.8666 382318366.0287
290115.3261 11268601.1558 7384662.2362 24278579.3272 382318892.6921
290124.6834 11215426.6985 7337402.4518 24269090.5481 382319414.2898
290133.9551 11162578.5956 7290470.3355 24259688.6067 382319930.8792
290143.1420 11110054.3850 7243863.2541 24250372.5916 382320442.5167
290152.2451 11057851.6274 7197578.5992 24241141.6021 382320949.2582
290161.2652 11005967.9039 7151613.7857 24231994.7479 382321451.1586
290170.2032 10954400.8183 7105966.2533 24222931.1494 382321948.2725
290179.0599 10903147.9940 7060633.4639 24213949.9374 382322440.6533
290187.8362 10852207.0768 7015612.9040 24205050.2528 382322928.3541
290196.5329 10801575.7317 6970902.0818 24196231.2464 382323411.4270
290205.1509 10751251.6458 6926498.5295 24187492.0794 382323889.9237
290213.6910 10701232.5249 6882399.8007 24178831.9224 382324363.8951
290222.1539 10651516.0956 6838603.4719 24170249.9558 382324833.3915
290230.5405 10602100.1043 6795107.1415 24161745.3697 382325298.4623
290238.8516 10552982.3172 6751908.4300 24153317.3634 382325759.1567
290247.0880 10504160.5194 6709004.9790 24144965.1458 382326215.5230
290255.2503 10455632.5157 6666394.4516 24136687.9347 382326667.6089
290263.3395 10407396.1301 6624074.5326 24128484.9571 382327115.4614
290271.3562 10359449.2056 6582042.9276 24120355.4491 382327559.1273
290279.3011 10311789.6034 6540297.3624 24112298.6556 382327998.6523
290287.1751 10264415.2031 6498835.5836 24104313.8299 382328434.0818
290294.9789 10217323.9037 6457655.3587 24096400.2344 382328865.4606
290302.7131 10170513.6216 6416754.4748 24088557.1398 382329292.8328
290310.3785 10123982.2910 6376130.7386 24080783.8251 382329716.2423
290317.9757 10077727.8641 6335781.9771 24073079.5777 382330135.7319
290325.5056 10031748.3111 6295706.0367 24065443.6932 382330551.3444
290332.9687 9986041.6195 6255900.7832 24057875.4753 382330963.1216
290340.3658 9940605.7939 6216364.1011 24050374.2356 382331371.1052
290347.6974 9895438.8560 6177093.8942 24042939.2936 382331775.3361
290354.9644 9850538.8438 6138088.0843 24035569.9765 382332175.8547
290362.1672 9805903.8133 6099344.6129 24028265.6195 382332572.7011
290369.3067 9761531.8368 6060861.4392 24021025.5649 382332965.9146
290376.3834 9717421.0029 6022636.5409 24013849.1630 382333355.5343
290383.3979 9673569.4163 5984667.9132 24006735.7711 382333741.5986
290390.3510 9629975.1985 5946953.5701 23999684.7540 382334124.1457
290397.2431 9586636.4863 5909491.5422 23992695.4836 382334503.2129
290404.0749 9543551.4322 5872279.8776 23985767.3390 382334878.8374
290410.8471 9500718.2050 5835316.6423 23978899.7063 382335251.0559
290417.5602 9458134.9884 5798599.9189 23972091.9785 382335619.9044
290424.2148 9415799.9824 5762127.8075 23965343.5554 382335985.4188
290430.8115 9373711.4013 5725898.4247 23958653.8438 382336347.6343
290437.3509 9331867.4749 5689909.9034 23952022.2569 382336706.5859
290443.8335 9290266.4483 5654160.3937 23945448.2148 382337062.3079
290450.2599 9248906.5802 5618648.0609 23938931.1438 382337414.8343
290456.6307 9207786.1459 5583371.0880 23932470.4769 382337764.1989
290462.9465 9166903.4333 5548327.6722 23926065.6533 382338110.4347
290469.2077 9126256.7450 5513516.0272 23919716.1183 382338453.5745
290475.4149 9085844.3983 5478934.3825 23913421.3238 382338793.6509
290481.5687 9045664.7252 5444580.9834 23907180.7276 382339130.6958
290487.6695 9005716.0705 5410454.0900 23900993.7936 382339464.7407
290493.7180 8965996.7937 5376551.9778 23894859.9916 382339795.8171
290499.7145 8926505.2669 5342872.9369 23888778.7972 382340123.9556
290505.6597 8887239.8771 5309415.2733 23882749.6922 382340449.1870
290511.5541 8848199.0239 5276177.3067 23876772.1637 382340771.5411
290517.3981 8809381.1202 5243157.3718 23870845.7048 382341091.0480
290523.1922 8770784.5927 5210353.8181 23864969.8141 382341407.7369
290528.9369 8732407.8803 5177765.0088 23859143.9956 382341721.6369
290534.6327 8694249.4355 5145389.3217 23853367.7591 382342032.7768
290540.2801 8656307.7236 5113225.1486 23847640.6196 382342341.1850
290545.8796 8618581.2220 5081270.8950 23841962.0974 382342646.8894
290551.4315 8581068.4215 5049524.9805 23836331.7181 382342949.9179
290556.9365 8543767.8252 5017985.8384 23830749.0127 382343250.2978
290562.3949 8506677.9477 4986651.9148 23825213.5171 382343548.0561
290567.8072 8469797.3163 4955521.6695 23819724.7724 382343843.2197
290573.1739 8433124.4709 4924593.5759 23814282.3247 382344135.8150
290578.4953 8396657.9636 4893866.1209 23808885.7252 382344425.8680
290583.7720 8360396.3567 4863337.8029 23803534.5296 382344713.4046
290589.0043 8324338.2256 4833007.1340 23798228.2989 382344998.4504
290594.1927 8288482.1567 4802872.6389 23792966.5987 382345281.0304
290599.3376 8252826.7486 4772932.8552 23787748.9991 382345561.1698
290604.4394 8217370.6112 4743186.3330 23782575.0753 382345838.8930
290609.4986 8182112.3656 4713631.6344 23777444.4069 382346114.2246
290614.5155 8147050.6441 4684267.3342 23772356.5780 382346387.1884
290619.4906 8112184.0902 4655092.0189 23767311.1773 382346657.8083
290624.4243 8077511.3582 4626104.2872 23762307.7978 382346926.1079
290629.3169 8043031.1137 4597302.7497 23757346.0371 382347192.1103
290634.1688 8008742.0328 4568686.0290 23752425.4970 382347455.8386
290638.9805 7974642.8024 4540252.7587 23747545.7837 382347717.3154
290643.7524 7940732.1201 4512001.5849 23742706.5075 382347976.5633
290648.4847 7907008.6940 4483931.1644 23737907.2831 382348233.6043
290653.1779 7873471.2424 4456040.1657 23733147.7290 382348488.4605
290657.8323 7840118.4942 4428327.2683 23728427.4680 382348741.1536
290662.4484 7806949.1885 4400791.1632 23723746.1271 382348991.7049
290667.0265 7773962.0744 4373430.5520 23719103.3369 382349240.1356
290671.5669 7741155.9112 4346244.1477 23714498.7324 382349486.4668
290676.0700 7708529.4679 4319230.6735 23709931.9520 382349730.7192
290680.5361 7676081.5236 4292388.8638 23705402.6384 382349972.9131
290684.9657 7643810.8673 4265717.4636 23700910.4379 382350213.0690
290689.3590 7611716.2974 4239215.2282 23696455.0005 382350451.2068
290693.7163 7579796.6219 4212880.9233 23692035.9801 382350687.3463
290698.0382 7548050.6582 4186713.3250 23687653.0340 382350921.5070
290702.3247 7516477.2335 4160711.2196 23683305.8234 382351153.7084
290706.5764 7485075.1844 4134873.4037 23678994.0131 382351383.9696
290710.7935 7453843.3556 4109198.6833 23674717.2710 382351612.3094
290714.9763 7422780.6024 4083685.8749 23670475.2691 382351838.7467
290719.1252 7391885.7884 4058333.8049 23666267.6825 382352063.2999
290723.2404 7361157.7871 4033141.3096 23662094.1898 382352285.9873
290727.3224 7330595.4798 4008107.2343 23657954.4731 382352506.8269
290731.3714 7300197.7568 3983230.4341 23653848.2176 382352725.8368
290735.3876 7269963.5181 3958509.7741 23649775.1121 382352943.0345
290739.3715 7239891.6711 3933944.1278 23645734.8484 382353158.4377
290743.3233 7209981.1326 3909532.3788 23641727.1216 382353372.0635
290747.2433 7180230.8276 3885273.4196 23637751.6300 382353583.9290
290751.1318 7150639.6900 3861166.1520 23633808.0752 382353794.0513
290754.9891 7121206.6614 3837209.4867 23629896.1616 382354002.4470
290758.8155 7091930.6922 3813402.3433 23626015.5971 382354209.1328
290762.6113 7062810.7408 3789743.6503 23622166.0922 382354414.1249
290766.3767 7033845.7736 3766232.3451 23618347.3607 382354617.4395
290770.1121 7005034.7654 3742867.3738 23614559.1192 382354819.0927
290773.8177 6976376.6991 3719647.6911 23610801.0875 382355019.1003
290777.4937 6947870.5649 3696572.2602 23607072.9880 382355217.4780
290781.1405 6919515.3614 3673640.0527 23603374.5461 382355414.2412
290784.7583 6891310.0949 3650850.0490 23599705.4901 382355609.4053
290788.3474 6863253.7793 3628201.2372 23596065.5511 382355802.9854
290791.9081 6835345.4360 3605692.6140 23592454.4627 382355994.9966
290795.4406 6807584.0946 3583323.1845 23588871.9617 382356185.4537
290798.9451 6779968.7916 3561091.9615 23585317.7874 382356374.3712
290802.4220 6752498.5710 3538997.9656 23581791.6815 382356561.7638
290805.8714 6725172.4842 3517040.2259 23578293.3888 382356747.6459
290809.2937 6697989.5903 3495217.7791 23574822.6564 382356932.0315
290812.6890 6670948.9553 3473529.6697 23571379.2342 382357114.9347
290816.0577 6644049.6526 3451974.9501 23567962.8746 382357296.3695
290819.3999 6617290.7628 3430552.6804 23564573.3325 382357476.3496
290822.7158 6590671.3731 3409261.9278 23561210.3652 382357654.8886
290826.0059 6564190.5779 3388101.7673 23557873.7327 382357831.9999
290829.2702 6537847.4790 3367071.2816 23554563.1973 382358007.6969
290832.5089 6511641.1845 3346169.5605 23551278.5237 382358181.9926
290835.7225 6485570.8093 3325395.7010 23548019.4791 382358354.9003
290838.9109 6459635.4755 3304748.8077 23544785.8329 382358526.4326
290842.0746 6433834.3114 3284227.9919 23541577.3570 382358696.6025
290845.2136 6408166.4522 3263832.3723 23538393.8255 382358865.4224
290848.3283 6382631.0399 3243561.0749 23535235.0148 382359032.9049
290851.4188 6357227.2228 3223413.2324 23532100.7038 382359199.0624
290854.4854 6331954.1556 3203387.9845 23528990.6731 382359363.9070
290857.5282 6306810.9995 3183484.4777 23525904.7061 382359527.4509
290860.5475 6281796.9217 3163701.8651 23522842.5879 382359689.7060
290863.5436 6256911.0965 3144039.3070 23519804.1062 382359850.6842
290866.5165 6232152.7039 3124495.9702 23516789.0504 382360010.3971
290869.4665 6207520.9299 3105071.0279 23513797.2123 382360168.8563
290872.3938 6183014.9669 3085763.6599 23510828.3857 382360326.0734
290875.2987 6158634.0135 3066573.0528 23507882.3665 382360482.0597
290878.1812 6134377.2742 3047498.3995 23504958.9525 382360636.8263
290881.0417 6110243.9598 3028538.8994 23502057.9438 382360790.3845
290883.8803 6086233.2864 3009693.7579 23499179.1423 382360942.7452
290886.6971 6062344.4767 2990962.1872 23496322.3518 382361093.9194
290889.4924 6038576.7585 2972343.4050 23493487.3782 382361243.9176
290892.2665 6014929.3660 2953836.6358 23490674.0293 382361392.7507
290895.0194 5991401.5383 2935441.1097 23487882.1148 382361540.4292
290897.7513 5967992.5212 2917156.0632 23485111.4463 382361686.9635
290900.4624 5944701.5656 2898980.7388 23482361.8372 382361832.3640
290903.1530 5921527.9278 2880914.3847 23479633.1028 382361976.6408
290905.8232 5898470.8700 2862956.2552 23476925.0603 382362119.8041
290908.4732 5875529.6598 2845105.6104 23474237.5285 382362261.8639
290911.1031 5852703.5703 2827361.7163 23471570.3283 382362402.8302
290913.7131 5829991.8798 2809723.8444 23468923.2820 382362542.7126
290916.3034 5807393.8717 2792191.2718 23466296.2140 382362681.5210
290918.8742 5784908.8355 2774763.2817 23463688.9501 382362819.2650
290921.4257 5762536.0654 2757439.1626 23461101.3181 382362955.9540
290923.9579 5740274.8604 2740218.2082 23458533.1473 382363091.5975
63578.9842
289149.1168 3373591.9324 5412033.2307 25258291.3156 382263726.5109
289151.6246 3356674.0972 5389847.3024 25255748.6584 382263872.8941
478459.3964 382508779.2822
293864.4274 6455960.3296 -950594.3248 20475654.3364 382508905.3277
293867.1732 6427961.9042 -961879.8702 20472868.2872 382509030.4984
293869.9005 6400083.2941 -973078.6280 20470101.0894 382509154.8019
293872.6093 6372323.7943 -984191.2039 20467352.5850 382509278.2457
293875.2999 6344682.7050 -995218.1985 20464622.6176 382509400.8371
293877.9724 6317159.3310 -1006160.2079 20461911.0323 382509522.5836
293880.6269 6289752.9824 -1017017.8228 20459217.6756 382509643.4924
293883.2635 6262462.9734 -1027791.6300 20456542.3956 382509763.5708
