10.0000 218555887.4933 260468163.2045 283403162.4436 259707461.6829
146.3362 218636144.8648 260579430.7545 283309921.9577 259809173.2543
648.4232 218931542.8519 260988771.9874 282966225.4994 260183455.4567
1608.3864 219495619.1617 261769553.6119 282307703.1371 260897781.4400
2924.9293 220267797.6402 262836410.6193 281401603.3872 261874700.9670
4446.9951 221158650.2816 264064156.9848 280349788.5915 263000155.5401
6056.3604 222098686.2356 265355768.8921 279232689.0175 264185511.0969
7679.0415 223044830.5429 266651293.4734 278101208.4719 265375812.8971
9273.4405 223973197.9203 267917654.1328 276984443.8321 266540592.8070
10817.7172 224871519.1065 269138017.7764 275898075.8341 267664223.3712
12301.2425 225734052.9099 270304665.8530 274850096.9964 268739432.2821
13719.5793 226558617.0049 271414840.1241 273844198.8965 269763513.9936
15071.6916 227344947.8118 272468450.4396 272881668.5563 270736234.1377
16358.4174 228093810.1901 273466831.1468 271962433.9957 271658689.3097
17581.6278 228806512.7032 274412063.9312 271085644.9635 272532683.9184
18743.7554 229484639.5414 275306603.0186 270250002.9528 273360383.6086
19847.5212 230129898.8158 276153062.8073 269453955.0989 274144117.6091
20895.7719 230744034.5154 276954094.4877 268695812.5786 274886262.9141
21891.3791 231328774.3203 277712312.9206 267973825.6606 275589174.8647
22837.1768 231885798.3550 278430252.9846 267286232.7463 276255145.0743
23735.9207 232416720.6767 279110343.9239 266631293.0147 276886376.1645
24590.2638 232923078.7937 279754895.0955 266007308.2452 277484967.2273
25402.7405 233406328.4166 280366089.1635 265412637.2009 278052906.3567
26175.7596 233867841.6727 280945980.2297 264845704.7647 278592067.9153
26911.6001 234308907.6451 281496495.2698 264305007.2922 279104213.0093
27612.4118 234730734.4465 282019437.7420 263789115.2341 279590992.1067
28280.2180 235134452.2881 282516492.5930 263296673.7826 280053949.0612
28916.9188 235521117.1671 282989232.1112 262826402.0965 280494526.0204
29524.2969 235891714.8906 283439122.2304 262377091.5345 280914068.8313
30104.0227 236247165.2495 283867529.0065 261947603.2094 281313832.6784
30657.6609 236588326.2046 284275725.0773 261536865.0970 281694987.7635
31186.6761 236915997.9957 284664895.9731 261143868.8787 282058624.8982
31692.4392 237230927.1043 285036146.1842 260767666.6512 282405760.9121
32176.2332 237533810.0399 285390504.9413 260407367.5927 282737343.8296
32639.2593 237825296.9169 285728931.6664 260062134.6628 283054257.7717
33082.6415 238105994.8163 286052321.0863 259731181.3787 283357327.5683
33507.4330 238376470.9326 286361508.0106 259413768.6998 283647323.0812
33914.6200 238637255.4970 286657271.7684 259109202.0507 283924963.2265
34305.1269 238888844.4948 286940340.3241 258816828.4891 284190919.7155
34679.8204 239131702.1836 287211394.0907 258536034.0210 284445820.5260
35039.5137 239366263.4180 287471069.4459 258266241.0779 284690253.1087
35384.9698 239592935.7986 287719961.9806 258006906.1420 284924767.3537
35716.9054 239812101.6518 287958629.4893 257757517.5254 285149878.3256
36035.9938 240024119.8612 288187594.7339 257517593.2856 285366068.7931
36342.8682 240229327.5476 288407347.9791 257286679.2880 285573791.5530
36638.1240 240428041.6187 288618349.3300 257064347.3964 285773471.5750
36922.3218 240620560.2042 288821030.8926 256850193.7800 285965507.9850
37195.9896 240807163.9688 289015798.7536 256643837.3454 286150275.8845
37459.6248 240988117.3286 289203034.8101 256444918.2725 286328128.0337
37713.6966 241163669.5686 289383098.4532 256253096.6538 286499396.4006
37958.6476 241334055.8789 289556328.1243 256068051.2248 286664393.5935
38194.8956 241499498.3029 289723042.7429 255889478.1900 286823414.1777
38422.8354 241660206.6207 289883543.0334 255717090.1222 286976735.8972
38642.8400 241816379.1601 290038112.7426 255550614.9443 287124620.7990
38855.2620 241968203.5483 290187019.7700 255389794.9779 287267316.2748
39060.4354 242115857.4092 290330517.2117 255234386.0571 287405056.0254
39258.6760 242259509.0030 290468844.3220 255084156.7080 287538060.9483
39450.2832 242399317.8236 290602227.4086 254938887.3791 287666431.0573
38345.5357 243792403.2411 289775202.0674 255775563.1700 286924750.4711
38515.6167 243927353.1387 289893489.1820 255646895.8556 287039112.2696
38680.1477 244058750.7850 290007638.6803 255522377.7054 287149686.8627
38839.3611 244186733.2590 290117825.3709 255401837.7848 287256635.7246
38993.4772 244311430.8249 290224215.0136 255285113.6590 287360111.9500
39142.7056 244432967.3404 290326964.8728 255172050.8999 287460260.7651
39287.2451 244551460.6410 290426224.2354 255062502.6214 287557220.0080
39427.2849 244667022.8943 290522134.8885 254956329.0480 287651120.5713
39563.0049 244779760.9309 290614831.5662 254853397.1117 287742086.8161
39694.5763 244889776.5532 290704442.3656 254753580.0739 287830236.9574
39822.1621 244997166.8239 290791089.1345 254656757.1710 287915683.4238
39945.9176 245102024.3336 290874887.8320 254562813.2852 287998533.1911
40065.9905 245204437.4529 290955948.8669 254471638.6326 288078888.0970
40182.5221 245304490.5680 291034377.4130 254383128.4730 288156845.1327
40295.6466 245402264.2955 291110273.7002 254297182.8402 288232496.7132
40405.4926 245497835.6903 291183733.2920 254213706.2851 288305930.9341
40512.1823 245591278.4396 291254847.3437 254132607.6338 288377231.8119
40615.8328 245682663.0407 291323702.8422 254053799.7642 288446479.5062
40716.5558 245772056.9692 291390382.8311 253977199.3954 288513750.5277
40814.4580 245859524.8391 291454966.6238 253902726.8865 288579117.9369
40909.6416 245945128.5477 291517529.9991 253830306.0534 288642651.5247
41002.2041 246028927.4183 291578145.3897 253759863.9894 288704417.9878
41092.2389 246110978.3336 291636882.0588 253691330.8976 288764481.0927
41179.8355 246191335.8547 291693806.2611 253624639.9391 288822901.8245
41265.0793 246270052.3377 291748981.3978 253559727.0844 288879738.5309
41348.0524 246347178.0448 291802468.1631 253496530.9736 288935047.0582
41428.8333 246422761.2458 291854324.6797 253434992.7865 288988880.8770
41507.4972 246496848.3136 291904606.6267 253375056.1205 289041291.2008
41584.1163 246569483.8217 291953367.3650 253316666.8687 289092327.1027
41658.7599 246640710.6223 292000658.0459 253259773.1165 289142035.6152
41731.4942 246710569.9307 292046527.7208 253204325.0350 289190461.8330
41802.3831 246779101.4064 292091023.4456 253150274.7794 289237649.0096
41871.4877 246846343.2190 292134190.3725 253097576.4008 289283638.6420
41938.8667 246912332.1172 292176071.8405 253046185.7584 289328470.5549
42004.5765 246977103.5025 292216709.4670 252996060.4287 289372182.9860
42068.6714 247040691.4800 292256143.2213 252947159.6354 289414812.6540
42131.2035 247103128.9214 292294411.5047 252899444.1703 289456394.8327
42192.2228 247164447.5222 292331551.2243 252852876.3209 289496963.4195
42251.7776 247224677.8485 292367597.8573 252807419.8078 289536550.9955
42309.9141 247283849.3906 292402585.5194 252763039.7168 289575188.8883
42366.6770 247341990.6096 292436547.0253 252719702.4398 289612907.2290
42422.1092 247399128.9758 292469513.9439 252677375.6210 289649735.0017
42476.2520 247455291.0202 292501516.6585 252636028.0960 289685700.1015
42529.1452 247510502.3652 292532584.4137 252595629.8467 289720829.3761
42580.8271 247564787.7733 292562745.3716 252556151.9443 289755148.6796
42631.3346 247618171.1763 292592026.6546 252517566.5078 289788682.9110
42680.7034 247670675.7067 292620454.3883 252479846.6615 289821456.0542
42728.9678 247722323.7394 292648053.7495 252442966.4864 289853491.2230
42776.1607 247773136.9143 292674849.0017 252406900.9857 289884810.6933
42822.3143 247823136.1702 292700863.5358 252371626.0439 289915435.9411
42867.4591 247872341.7759 292726119.9082 252337118.3877 289945387.6788
42911.6249 247920773.3481 292750639.8709 252303355.5580 289974685.8812
42954.8404 247968449.8887 292774444.4103 252270315.8683 290003349.8236
42997.1332 248015389.7990 292797553.7740 252237978.3806 290031398.1050
43038.5301 248061610.9091 292819987.5034 252206322.8703 290058848.6792
43079.0569 248107130.4950 292841764.4602 252175329.8020 290085718.8786
43118.7384 248151965.3062 292862902.8563 252144980.2967 290112025.4431
43157.5989 248196131.5813 292883420.2775 252115256.1097 290137784.5411
43195.6614 248239645.0662 292903333.7082 252086139.6055 290163011.7926
43232.9487 248282521.0353 292922659.5561 252057613.7330 290187722.2918
43269.4823 248324774.3134 292941413.6763 252029661.9990 290211930.6312
43305.2833 248366419.2832 292959611.3891 252002268.4533 290235650.9156
43340.3722 248407469.9076 292977267.5027 251975417.6636 290258896.7849
43374.7685 248447939.7405 292994396.3315 251949094.6984 290281681.4297
43408.4914 248487841.9462 293011011.7161 251923285.1055 290304017.6113
43441.5592 248527189.3173 293027127.0435 251897974.8906 290325917.6802
43473.9898 248565994.2742 293042755.2577 251873150.5096 290347393.5846
43505.8005 248604268.8891 293057908.8809 251848798.8445 290368456.8910
43537.0080 248642024.8993 293072600.0297 251824907.1870 290389118.8001
43567.6285 248679273.7110 293086840.4263 251801463.2281 290409390.1556
43597.6778 248716026.4187 293100641.4166 251778455.0389 290429281.4618
43627.1710 248752293.8118 293114013.9818 251755871.0586 290448802.8945
43656.1229 248788086.3853 293126968.7515 251733700.0817 290467964.3131
43684.5478 248823414.3494 293139516.0166 251711931.2448 290486775.2716
43712.4595 248858287.6443 293151665.7427 251690554.0112 290505245.0332
43739.8716 248892715.9396 293163427.5785 251669558.1653 290523382.5754
43766.7969 248926708.6520 293174810.8697 251648933.7955 290541196.6050
43793.2482 248960274.9488 293185824.6679 251628671.2869 290558695.5652
43819.2377 248993423.7595 293196477.7418 251608761.3080 290575887.6470
43844.7774 249026163.7845 293206778.5877 251589194.8009 290592780.7987
43869.8787 249058503.4966 293216735.4360 251569962.9749 290609382.7312
43894.5529 249090451.1554 293226356.2632 251551057.2928 290625700.9302
43918.8110 249122014.8032 293235648.7965 251532469.4693 290641742.6586
43942.6633 249153202.2849 293244620.5266 251514191.4538 290657514.9707
43966.1204 249184021.2508 293253278.7141 251496215.4247 290673024.7179
43989.1920 249214479.1615 293261630.3966 251478533.7825 290688278.5550
44011.8880 249244583.2831 293269682.3936 251461139.1483 290703282.9418
44034.2176 249274340.7107 293277441.3177 251444024.3459 290718044.1581
44056.1902 249303758.3681 293284913.5801 251427182.3985 290732568.3078
44077.8145 249332843.0124 293292105.3968 251410606.5226 290746861.3236
44099.0993 249361601.2282 293299022.7919 251394290.1271 290760928.9684
44120.0530 249390039.4497 293305671.6084 251378226.7977 290774776.8487
44140.6837 249418163.9554 293312057.5106 251362410.2964 290788410.4154
44160.9994 249445980.8792 293318185.9919 251346834.5522 290801834.9720
44181.0078 249473496.2073 293324062.3780 251331493.6595 290815055.6759
44200.7165 249500715.7836 293329691.8325 251316381.8725 290828077.5438
44220.1329 249527645.3227 293335079.3636 251301493.5943 290840905.4608
44239.2640 249554290.4049 293340229.8269 251286823.3778 290853544.1802
44258.1169 249580656.4804 293345147.9301 251272365.9198 290865998.3283
44276.6982 249606748.8780 293349838.2382 251258116.0544 290878272.4107
44295.0146 249632572.8064 293354305.1775 251244068.7490 290890370.8154
44313.0726 249658133.3553 293358553.0392 251230219.1019 290902297.8152
44330.8783 249683435.5004 293362585.9835 251216562.3366 290914057.5728
44348.4379 249708484.1079 293366408.0433 251203093.7977 290925654.1443
44365.7573 249733283.9317 293370023.1276 251189808.9496 290937091.4806
44382.8424 249757839.6253 293373435.0257 251176703.3683 290948373.4342
44399.6987 249782155.7399 293376647.4104 251163772.7404 290959503.7608
44416.3317 249806236.7244 293379663.8401 251151012.8605 290970486.1207
44432.7470 249830086.9342 293382487.7635 251138419.6255 290981324.0848
44448.9496 249853710.6318 293385122.5220 251125989.0314 290992021.1367
44464.9447 249877111.9842 293387571.3518 251113717.1737 291002580.6726
44480.7373 249900295.0698 293389837.3876 251101600.2413 291013006.0069
44496.3323 249923263.8797 293391923.6650 251089634.5146 291023300.3738
44511.7344 249946022.3257 293393833.1235 251077816.3592 291033466.9324
44526.9482 249968574.2291 293395568.6082 251066142.2306 291043508.7633
44541.9784 249990923.3400 293397132.8731 251054608.6620 291053428.8786
44556.8293 250013073.3223 293398528.5824 251043212.2711 291063230.2168
44571.5052 250035027.7647 293399758.3135 251031949.7527 291072915.6485
44586.0104 250056790.1765 293400824.5588 251020817.8792 291082487.9763
44600.3490 250078364.0025 293401729.7283 251009813.4919 291091949.9427
44614.5251 250099752.6085 293402476.1510 250998933.5067 291101304.2244
44628.5425 250120959.2990 293403066.0775 250988174.9043 291110553.4420
44642.4052 250141987.3016 293403501.6811 250977534.7361 291119700.1535
44656.1169 250162839.7855 293403785.0603 250967010.1141 291128746.8644
44669.6813 250183519.8455 293403918.2401 250956598.2177 291137696.0211
44683.1021 250204030.5188 293403903.1741 250946296.2836 291146550.0194
44696.3827 250224374.7745 293403741.7459 250936101.6106 291155311.2016
44709.5267 250244555.5215 293403435.7707 250926011.5539 291163981.8599
44722.5373 250264575.6116 293402986.9970 250916023.5228 291172564.2396
44735.4180 250284437.8356 293402397.1082 250906134.9814 291181060.5381
44748.1719 250304144.9243 293401667.7236 250896343.4471 291189472.9060
44760.8023 250323699.5552 293400800.4004 250886646.4863 291197803.4511
44773.3122 250343104.3467 293399796.6346 250877041.7161 291206054.2371
44785.7047 250362361.8591 293398657.8629 250867526.8031 291214227.2842
44797.9829 250381474.6087 293397385.4631 250858099.4553 291222324.5767
44810.1496 250400445.0458 293395980.7567 250848757.4318 291230348.0539
44822.2076 250419275.5733 293394445.0091 250839498.5333 291238299.6191
44834.1599 250437968.5429 293392779.4312 250830320.6025 291246181.1387
44846.0092 250456526.2517 293390985.1807 250821221.5253 291253994.4416
44857.7582 250474950.9492 293389063.3631 250812199.2263 291261741.3227
44869.4096 250493244.8310 293387015.0332 250803251.6711 291269423.5413
44880.9659 250511410.0430 293384841.1961 250794376.8634 291277042.8233
44892.4297 250529448.6886 293382542.8074 250785572.8407 291284600.8651
44903.8036 250547362.8149 293380120.7763 250776837.6804 291292099.3283
44915.0900 250565154.4203 293377575.9653 250768169.4953 291299539.8439
44926.2913 250582825.4590 293374909.1917 250759566.4302 291306924.0145
44937.4099 250600377.8332 293372121.2287 250751026.6658 291314253.4118
44948.4481 250617813.4017 293369212.8063 250742548.4131 291321529.5810
44959.4082 250635133.9739 293366184.6128 250734129.9159 291328754.0384
44970.2926 250652341.3077 293363037.2965 250725769.4512 291335928.2717
44981.1033 250669437.1208 293359771.4647 250717465.3229 291343053.7451
44991.8425 250686423.0775 293356387.6878 250709215.8676 291350131.8942
45002.5125 250703300.7931 293352886.4992 250701019.4521 291357164.1284
45013.1153 250720071.8419 293349268.3951 250692874.4684 291364151.8350
45023.6529 250736737.7502 293345533.8368 250684779.3370 291371096.3766
45034.1273 250753299.9955 293341683.2525 250676732.5063 291377999.0915
45044.5407 250769760.0059 293337717.0385 250668732.4529 291384861.2934
45054.8948 250786119.1638 293333635.5594 250660777.6785 291391684.2743
45065.1917 250802378.7994 293329439.1514 250652866.7131 291398469.3013
45075.4332 250818540.2030 293325128.1203 250644998.1086 291405217.6227
45085.6212 250834604.6146 293320702.7452 250637170.4428 291411930.4641
45095.7575 250850573.2224 293316163.2803 250629382.3202 291418609.0280
45105.8438 250866447.1674 293311509.9557 250621632.3692 291425254.4960
45115.8821 250882227.5429 293306742.9781 250613919.2419 291431868.0294
45125.8738 250897915.3900 293301862.5340 250606241.6157 291438450.7671
45135.8209 250913511.7045 293296868.7890 250598598.1900 291445003.8291
45145.7248 250929017.4336 293291761.8904 250590987.6872 291451528.3155
45155.5874 250944433.4713 293286541.9699 250583408.8547 291458025.3045
45165.4101 250959760.6639 293281209.1440 250575860.4620 291464495.8554
45175.1945 250974999.8080 293275763.5155 250568341.3011 291470941.0075
45184.9423 250990151.6519 293270205.1754 250560850.1862 291477361.7814
45194.6548 251005216.8917 293264534.2053 250553385.9549 291483759.1771
45204.3336 251020196.1729 293258750.6794 250545947.4676 291490134.1749
45213.9802 251035090.0937 293252854.6643 250538533.6053 291496487.7370
45223.5959 251049899.2031 293246846.2219 250531143.2712 291502820.8069
45233.1822 251064624.0007 293240725.4113 250523775.3899 291509134.3091
45242.7405 251079264.9359 293234492.2906 250516428.9084 291515429.1488
45252.2720 251093822.4115 293228146.9182 250509102.7942 291521706.2135
45261.7782 251108296.7816 293221689.3545 250501796.0360 291527966.3724
45271.2603 251122688.3532 293215119.6642 250494507.6437 291534210.4763
45280.7195 251136997.3856 293208437.9180 250487236.6480 291540439.3579
45290.1571 251151224.0952 293201644.1925 250479982.0991 291546653.8332
45299.5744 251165368.6556 293194738.5720 250472743.0658 291552854.7019
45308.9724 251179431.1937 293187721.1525 250465518.6386 291559042.7451
45318.3524 251193411.7975 293180592.0400 250458307.9255 291565218.7288
45327.7155 251207310.5121 293173351.3544 250451110.0545 291571383.4015
45337.0628 251221127.3461 293165999.2279 250443924.1705 291577537.4972
45346.3954 251234862.2723 293158535.8069 250436749.4355 291583681.7352
45355.7143 251248515.2266 293150961.2542 250429585.0293 291589816.8191
45365.0207 251262086.1117 293143275.7492 250422430.1483 291595943.4386
45374.3155 251275574.8001 293135479.4878 250415284.0040 291602062.2698
45383.5997 251288981.1397 293127572.6806 250408145.8207 291608173.9782
45392.8744 251302304.9464 293119555.5592 250401014.8397 291614279.2143
45402.1405 251315546.0188 293111428.3691 250393890.3122 291620378.6202
45411.3990 251328704.1310 293103191.3750 250386771.5031 291626472.8259
45420.6508 251341779.0415 293094844.8570 250379657.6871 291632562.4530
45429.8968 251354770.4918 293086389.1126 250372548.1499 291638648.1136
45439.1380 251367678.2152 293077824.4521 250365442.1835 291644730.4144
45448.3752 251380501.9299 293069151.2040 250358339.0906 291650809.9526
45457.6095 251393241.3515 293060369.7073 250351238.1781 291656887.3217
45466.8415 251405896.1908 293051480.3142 250344138.7585 291662963.1103
45476.0724 251418466.1540 293042483.3896 250337040.1505 291669037.9017
45485.3028 251430950.9585 293033379.3010 250329941.6700 291675112.2816
45494.5338 251443350.3163 293024168.4299 250322842.6397 291681186.8293
45503.7662 251455663.9515 293014851.1594 250315742.3796 291687262.1267
45513.0009 251467891.5986 293005427.8751 250308640.2082 291693338.7568
45522.2388 251480033.0007 292995898.9661 250301535.4430 291699417.3031
45531.4807 251492087.9202 292986264.8159 250294427.3951 291705498.3549
45540.7276 251504056.1271 292976525.8110 250287315.3750 291711582.5013
45549.9804 251515937.4172 292966682.3260 250280198.6831 291717670.3406
45559.2400 251527731.5991 292956734.7321 250273076.6159 291723762.4737
45568.5073 251539438.5058 292946683.3871 250265948.4596 291729859.5106
45577.7832 251551057.9904 292936528.6375 250258813.4924 291735962.0678
45587.0688 251562589.9332 292926270.8106 250251670.9794 291742070.7731
45596.3650 251574034.2339 292915910.2197 250244520.1770 291748186.2614
45605.6727 251585390.8224 292905447.1527 250237360.3258 291754309.1809
45614.9930 251596659.6458 292894881.8824 250230190.6585 291760440.1868
45624.3268 251607840.6844 292884214.6489 250223010.3882 291766579.9505
45633.6753 251618933.9402 292873445.6692 250215818.7160 291772729.1540
45643.0395 251629939.4394 292862575.1319 250208614.8280 291778888.4915
45652.4204 251640857.2324 292851603.1953 250201397.8945 291785058.6708
45661.8192 251651687.3954 292840529.9836 250194167.0685 291791240.4144
45671.2369 251662430.0293 292829355.5854 250186921.4849 291797434.4600
45680.6748 251673085.2527 292818080.0585 250179660.2646 291803641.5572
45690.1340 251683653.2132 292806703.4157 250172382.5056 291809862.4749
45699.6156 251694134.0701 292795225.6405 250165087.2937 291816097.9923
45709.1210 251704528.0095 292783646.6689 250157773.6913 291822348.9086
45718.6513 251714835.2296 292771966.4021 250150440.7459 291828616.0354
45728.2077 251725055.9496 292760184.6952 250143087.4834 291834900.2027
45737.7917 251735190.4040 292748301.3603 250135712.9100 291841202.2568
45747.4045 251745238.8365 292736316.1709 250128316.0162 291847523.0579
45757.0474 251755201.5078 292724228.8514 250120895.7692 291853863.4852
45766.7218 251765078.6860 292712039.0853 250113451.1193 291860224.4326
45776.4290 251774870.6517 292699746.5065 250105980.9943 291866606.8129
45786.1706 251784577.6901 292687350.7075 250098484.3043 291873011.5540
45795.9480 251794200.0958 292674851.2296 250090959.9365 291879439.6027
45805.7625 251803738.1599 292662247.5789 250083406.7644 291885891.9177
45815.6158 251813192.1849 292649539.2035 250075823.6342 291892369.4808
45825.5093 251822562.4716 292636725.5089 250068209.3740 291898873.2886
45835.4445 251831849.3175 292623805.8579 250060562.7939 291905404.3534
45845.4231 251841053.0205 292610779.5640 250052882.6815 291911963.7061
45855.4467 251850173.8741 292597645.8952 250045167.8045 291918552.3946
45865.5168 251859212.1698 292584404.0692 250037416.9073 291925171.4862
45875.6351 251868168.1907 292571053.2601 250029628.7150 291931822.0646
45885.8033 251877042.2123 292557592.5955 250021801.9314 291938505.2315
45896.0231 251885834.4992 292544021.1601 250013935.2405 291945222.1049
45906.2963 251894545.3070 292530337.9901 250006027.3037 291951973.8222
45916.6246 251903174.8822 292516542.0723 249998076.7583 291958761.5409
45927.0098 251911723.4539 292502632.3543 249990082.2233 291965586.4338
45937.4537 251920191.2404 292488607.7338 249982042.2929 291972449.6948
45947.9582 251928578.4439 292474467.0640 249973955.5392 291979352.5360
45958.5252 251936885.2517 292460209.1506 249965820.5100 291986296.1902
45969.1565 251945111.8326 292445832.7558 249957635.7309 291993281.9088
45979.8541 251953258.3366 292431336.5976 249949399.7041 292000310.9626
45990.6200 251961324.8973 292416719.3439 249941110.9051 292007384.6452
46001.4561 251969311.6277 292401979.6177 249932767.7847 292014504.2707
46012.3647 251977218.6153 292387116.0049 249924368.7731 292021671.1705
46023.3476 251985045.9311 292372127.0359 249915912.2693 292028886.7022
46034.4070 251992793.6202 292357011.2019 249907396.6492 292036152.2426
46045.5450 252000461.7060 292341766.9446 249898820.2600 292043469.1931
46056.7639 252008050.1875 292326392.6601 249890181.4211 292050838.9778
46068.0657 252015559.0367 292310886.7029 249881478.4262 292058263.0425
46079.4529 252022988.2009 292295247.3785 249872709.5389 292065742.8585
46090.9276 252030337.6009 292279472.9465 249863872.9931 292073279.9217
46102.4922 252037607.1300 292263561.6200 249854966.9927 292080875.7533
46114.1491 252044796.6543 292247511.5639 249845989.7098 292088531.9011
46125.9006 252051906.0121 292231320.8935 249836939.2834 292096249.9405
46137.7492 252058935.0085 292214987.6856 249827813.8248 292104031.4702
46149.6975 252065883.4225 292198509.9598 249818611.4069 292111878.1213
46161.7478 252072750.9988 292181885.6959 249809330.0729 292119791.5493
46173.9029 252079537.4542 292165112.8167 249799967.8261 292127773.4434
46186.1654 252086242.4731 292148189.1963 249790522.6340 292135825.5227
46198.5378 252092865.7048 292131112.6645 249780992.4301 292143949.5348
46211.0230 252099406.7663 292113880.9986 249771375.1085 292152147.2602
46223.6237 252105865.2432 292096491.9178 249761668.5199 292160420.5157
46236.3428 252112240.6823 292078943.0993 249751870.4804 292168771.1471
46249.1831 252118532.5963 292061232.1652 249741978.7630 292177201.0362
46262.1476 252124740.4638 292043356.6792 249731991.0950 292185712.1031
46275.2393 252130863.7248 292025314.1550 249721905.1624 292194306.3024
46288.4611 252136901.7813 292007102.0530 249711718.6065 292202985.6260
46301.8163 252142853.9985 291988717.7738 249701429.0203 292211752.1061
46315.3080 252148719.7018 291970158.6634 249691033.9501 292220607.8143
46328.9394 252154498.1768 291951422.0110 249680530.8934 292229554.8624
46342.7139 252160188.6690 291932505.0448 249669917.2959 292238595.4060
46356.6347 252165790.3819 291913404.9359 249659190.5530 292247731.6424
46370.7054 252171302.4776 291894118.7913 249648348.0045 292256965.8155
46384.9295 252176724.0747 291874643.6583 249637386.9366 292266300.2138
46399.3105 252182054.2486 291854976.5185 249626304.5771 292275737.1745
46413.8520 252187292.0295 291835114.2896 249615098.0963 292285279.0832
46428.5579 252192436.4016 291815053.8246 249603764.6047 292294928.3749
46443.4319 252197486.3033 291794791.9066 249592301.1495 292304687.5376
46458.4780 252202440.6242 291774325.2537 249580704.7164 292314559.1106
46473.7001 252207298.2061 291753650.5106 249568972.2236 292324545.6895
46489.1022 252212057.8397 291732764.2563 249557100.5251 292334649.9233
46504.6886 252216718.2666 291711662.9883 249545086.4011 292344874.5227
46520.4634 252221278.1759 291690343.1327 249532926.5618 292355222.2564
46536.4311 252225736.2029 291668801.0414 249520617.6454 292365695.9535
46552.5960 252230090.9289 291647032.9855 249508156.2128 292376298.5072
46568.9627 252234340.8801 291625035.1556 249495538.7463 292387032.8760
46585.5359 252238484.5255 291602803.6597 249482761.6479 292397902.0855
46602.3203 252242520.2756 291580334.5238 249469821.2375 292408909.2296
46619.3207 252246446.4815 291557623.6868 249456713.7495 292420057.4731
46636.5422 252250261.4332 291534666.9992 249443435.3298 292431350.0546
46653.9898 252253963.3582 291511460.2212 249429982.0340 292442790.2876
46671.6687 252257550.4198 291487999.0211 249416349.8248 292454381.5631
46689.5842 252261020.7161 291464278.9683 249402534.5663 292466127.3535
46707.7419 252264372.2769 291440295.5402 249388532.0268 292478031.2113
46726.1473 252267603.0635 291416044.1118 249374337.8710 292490096.7748
46744.8062 252270710.9658 291391519.9580 249359947.6598 292502327.7683
46763.7243 252273693.8016 291366718.2442 249345356.8428 292514728.0085
46782.9078 252276549.3139 291341634.0297 249330560.7593 292527301.4039
46802.3627 252279275.1688 291316262.2649 249315554.6342 292540051.9574
46822.0954 252281868.9533 291290597.7878 249300333.5745 292552983.7699
46842.1124 252284328.1742 291264635.3160 249284892.5624 292566101.0456
46862.4202 252286650.2550 291238369.4490 249269226.4552 292579408.0919
46883.0257 252288832.5341 291211794.6602 249253329.9783 292592909.3261
46903.9359 252290872.2615 291184905.3005 249237197.7248 292606609.2742
46925.1578 252292766.5975 291157695.5891 249220824.1488 292620512.5775
46946.6988 252294512.6091 291130159.6105 249204203.5608 292634623.9960
46968.5665 252296107.2682 291102291.3140 249187330.1253 292648948.4106
46990.7685 252297547.4481 291074084.5061 249170197.8539 292663490.8281
47013.3127 252298829.9211 291045532.8501 249152800.6028 292678256.3840
47036.2073 252299951.3552 291016629.8585 249135132.0652 292693250.3479
47059.4606 252300908.3116 290987368.8884 249117185.7667 292708478.1282
47083.0812 252301697.2407 290957743.1404 249098955.0614 292723945.2745
47107.0778 252302314.4792 290927745.6531 249080433.1257 292739657.4826
47131.4595 252302756.2466 290897369.2971 249061612.9526 292755620.5997
47156.2354 252303018.6414 290866606.7706 249042487.3450 292771840.6296
47181.4152 252303097.6379 290835450.5931 249023048.9096 292788323.7373
47207.0086 252302989.0817 290803893.1018 249003290.0513 292805076.2541
47233.0256 252302688.6860 290771926.4458 248983202.9661 292822104.6828
47259.4766 252302192.0273 290739542.5809 248962779.6348 292839415.7032
47286.3721 252301494.5412 290706733.2615 248942011.8144 292857016.1787
47313.7230 252300591.5178 290673490.0355 248920891.0315 292874913.1623
47341.5405 252299478.0969 290639804.2402 248899408.5756 292893113.9009
47369.8362 252298149.2633 290605666.9932 248877555.4898 292911625.8438
47398.6218 252296599.8418 290571069.1868 248855322.5632 292930456.6483
47427.9096 252294824.4914 290536001.4767 248832700.3199 292949614.1888
47457.7120 252292817.7006 290500454.2826 248809679.0146 292969106.5602
47488.0420 252290573.7813 290464417.7777 248786248.6218 292988942.0864
47518.9127 252288086.8629 290427881.8754 248762398.8227 293009129.3311
47550.3378 252285350.8858 290390836.2248 248738118.9976 293029677.1040
47582.3314 252282359.5957 290353270.2057 248713398.2175 293050594.4672
47614.9078 252279106.5363 290315172.9128 248688225.2290 293071890.7472
47648.0820 252275585.0426 290276533.1525 248662588.4470 293093575.5411
47681.8692 252271788.2341 290237339.4318 248636475.9416 293115658.7269
47716.2852 252267709.0064 290197579.9454 248609875.4247 293138150.4742
47751.3462 252263340.0237 290157242.5676 248582774.2382 293161061.2535
47787.0690 252258673.7113 290116314.8441 248555159.3424 293184401.8454
47823.4707 252253702.2460 290074783.9744 248527017.2988 293208183.3545
47860.5691 252248417.5479 290032636.8059 248498334.2587 293232417.2184
47898.3825 252242811.2711 289989859.8194 248469095.9475 293257115.2200
47936.9297 252236874.7939 289946439.1170 248439287.6488 293282289.5001
47976.2302 252230599.2093 289902360.4113 248408894.1908 293307952.5682
48016.3040 252223975.3138 289857609.0070 248377899.9250 293334117.3195
48057.1717 252216993.5961 289812169.7851 248346288.7088 293360797.0487
48098.8547 252209644.2273 289766027.1986 248314043.8936 293388005.4585
48141.3749 252201917.0480 289719165.2490 248281148.3007 293415756.6799
48184.7551 252193801.5553 289671567.4679 248247584.1995 293444065.2884
48229.0185 252185286.8912 289623216.9088 248213333.2932 293472946.3156
48274.1893 252176361.8284 289574096.1237 248178376.6922 293502415.2697
48320.2926 252167014.7558 289524187.1448 248142694.8926 293532488.1530
48367.3539 252157233.6642 289473471.4661 248106267.7519 293563181.4803
48415.3999 252147006.1307 289421930.0254 248069074.4669 293594512.2964
48464.4580 252136319.3029 289369543.1825 248031093.5464 293626498.1972
48514.5565 252125159.8810 289316290.6943 247992302.7821 293659157.3527
48565.7248 252113514.1017 289262151.6981 247952679.2253 293692508.5249
48617.9931 252101367.7187 289207104.6848 247912199.1547 293726571.0924
48671.3926 252088705.9839 289151127.4751 247870838.0470 293761365.0739
48725.9557 252075513.6266 289094197.1911 247828570.5422 293796911.1547
48781.7159 252061774.8329 289036290.2327 247785370.4131 293833230.7099
48838.7076 252047473.2236 288977382.2483 247741210.5295 293870345.8327
48896.9666 252032591.8308 288917448.1063 247696062.8215 293908279.3619
48956.5300 252017113.0722 288856461.8564 247649898.2358 293947054.9162
49017.4360 252001018.7288 288794396.7120 247602686.7066 293986696.9157
49079.7241 251984289.9157 288731225.0047 247554397.1043 294027230.6220
49143.4354 251966907.0543 288666918.1511 247504997.1927 294068682.1699
49208.6123 251948849.8429 288601446.6153 247454453.5834 294111078.6034
49275.2988 251930097.2273 288534779.8754 247402731.6903 294154447.9091
49343.5404 251910627.3670 288466886.3767 247349795.6748 294198819.0582
49413.3843 251890417.6007 288397733.4882 247295608.3914 294244222.0483
49484.8793 251869444.4127 288327287.4647 247240131.3374 294290687.9403
49558.0760 251847683.3934 288255513.3922 247183324.5878 294338248.9085
49633.0271 251825109.2017 288182375.1454 247125146.7393 294386938.2819
49709.7868 251801695.5205 288107835.3244 247065554.8365 294436790.6004
49788.4118 251777415.0166 288031855.2139 247004504.3140 294487841.6575
49868.9605 251752239.2916 287954394.7133 246941948.9153 294540128.5612
49951.4937 251726138.8359 287875412.2838 246877840.6231 294593689.7859
50036.0746 251699082.9763 287794864.8818 246812129.5773 294648565.2332
50122.7686 251671039.8241 287712707.8955 246744763.9946 294704796.2917
50211.6437 251641976.2177 287628895.0723 246675690.0779 294762425.9033
50302.7705 251611857.6627 287543378.4431 246604851.9236 294821498.6325
50396.2224 251580648.2693 287456108.2450 246532191.4236 294882060.7380
50492.0755 251548310.6855 287367032.8383 246457648.1624 294944160.2481
50590.4093 251514806.0294 287276098.6239 246381159.3116 295007847.0373
50691.3059 251480093.8133 287183249.9476 246302659.5128 295073172.9127
50794.8511 251444131.8672 287088429.0064 246222080.7588 295140191.6989
50901.1341 251406876.2541 286991575.7398 246139352.2606 295208959.3358
51010.2474 251368281.1868 286892627.7343 246054400.3235 295279533.9665
51122.2876 251328298.9334 286791520.1008 245967148.1971 295351976.0457
51237.3552 251286879.7206 286688185.3567 245877515.9277 295426348.4458
51355.5548 251243971.6290 286582553.2961 245785420.1970 295502716.5719
51476.9954 251199520.4885 286474550.8645 245690774.1622 295581148.4746
51601.7904 251153469.7578 286364102.0053 245593487.2691 295661714.9838
51730.0583 251105760.4048 286251127.5162 245493465.0700 295744489.8362
51861.9223 251056330.7761 286135544.8878 245390609.0236 295829549.8164
51997.5113 251005116.4594 286017268.1353 245284816.2843 295916974.9039
52136.9593 250952050.1378 285896207.6193 245175979.4799 296006848.4286
52280.4065 250897061.4346 285772269.8567 245063986.4752 296099257.2343
52427.9991 250840076.7494 285645357.3201 244948720.1223 296194291.8510
52579.8897 250781019.0815 285515368.2211 244830057.9917 296292046.6801
52736.2378 250719807.8432 285382196.2809 244707872.0880 296392620.1896
52897.2101 250656358.6659 285245730.4988 244582028.5588 296496115.1103
53062.9807 250590583.1849 285105854.8845 244452387.3662 296602638.6600
53233.7316 250522388.8181 284962448.1925 244318801.9544 296712302.7662
53409.6534 250451678.5256 284815383.6276 244181118.8860 296825224.3108
53590.9453 250378350.5560 284664528.5381 244039177.4612 296941525.3824
53777.8158 250302298.1730 284509744.0823 243892809.3057 297061333.5505
53970.4835 250223409.3686 284350884.8833 243741837.9424 297184782.1460
54169.1770 250141566.5508 284187798.6481 243586078.3224 297312010.5691
54374.1359 250056646.2150 284020325.7723 243425336.3354 297443164.6064
54585.6116 249968518.5899 283848298.9100 243259408.2810 297578396.7726
54803.8674 249877047.2613 283671542.5227 243088080.3112 297717866.6670
55029.1796 249782088.7664 283489872.3866 242911127.8260 297861741.3589
55261.8384 249683492.1619 283303095.0741 242728314.8356 298010195.7894
55502.1480 249581098.5618 283111007.3975 242539393.2779 298163413.1992
55750.4283 249474740.6402 282913395.8117 242344102.2865 298321585.5828
56007.0150 249364242.0996 282710035.7746 242142167.4083 298484914.1706
56272.2613 249249417.1000 282500691.0640 241933299.7692 298653609.9381
56546.5385 249130069.6485 282285113.0463 241717195.1815 298827894.1442
56830.2369 249005992.9377 282063039.8838 241493533.1801 299007998.9107
57123.7677 248876968.6430 281834195.6967 241261976.0031 299194167.8236
57427.5633 248742766.1587 281598289.6498 241022167.4857 299386656.5836
57742.0795 248603141.7865 281355014.9880 240773731.8908 299585733.6820
58067.7964 248457837.8526 281104047.9832 240516272.6389 299791681.1292
58405.2202 248306581.7638 280845046.8140 240249370.9582 300004795.2174
58754.8845 248149084.9891 280577650.3572 239972584.4314 300225387.3314
59117.3524 247985041.9622 280301476.8871 239685445.4375 300453784.8058
59493.2181 247814128.9001 280016122.6784 239387459.4810 300690331.8302
59883.1092 247636002.5270 279721160.4978 239078103.3955 300935390.4082
60287.6883 247450298.7046 279416137.9914 238756823.4264 301189341.3602
60707.6558 247256630.9491 279100575.9375 238423033.1631 301452585.3891
61143.7521 247054588.8386 278773966.3789 238076111.3351 301725544.1895
61596.7600 246843736.2872 278435770.5964 237715399.4310 302008661.6255
62067.5077 246623609.6980 278085416.9521 237340199.1741 302302404.9438
62556.8716 246393715.9606 277722298.5512 236949769.7992 302607266.0540
63065.7794 246153530.2997 277345770.7382 236543325.1498 302923762.8532
63595.2134 245902493.9677 276955148.4204 236120030.5921 303252440.5848
64146.2138 245640011.7529 276549703.1838 235678999.7096 303593873.2483
64719.8827 245365449.3089 276128660.2118 235219290.7950 303948665.0323
65317.3876 245078130.3056 275691195.0150 234739903.1526 304317451.7460
65939.9654 244777333.3636 275236429.9196 234239773.1616 304700902.2702
66588.9267 244462288.8097 274763430.3753 233717770.1758 305099719.9525
67265.6600 244132175.2213 274271201.0401 233172692.2209 305514643.9558
67971.6360 243786115.7767 273758681.6705 232603261.5350 305946450.5042
68708.4120 243423174.4369 273224742.8585 232008120.0135 306395953.9585
69477.6360 243042351.9598 272668181.6181 231385824.5780 306864007.6823
70281.0510 242642581.8003 272087716.8958 230734842.5761 307351504.5952
71120.4986 242222725.9556 271481985.0915 230053547.3327 307859377.2987
71997.9223 241781570.8303 270849535.6864 229340213.9940 308388597.6493
72915.3700 241317823.2403 270188827.1355 228593015.8764 308940175.6016
73874.9950 240830106.7057 269498223.2208 227810021.5842 309515157.1167
74879.0560 240316958.2644 268775990.1636 226989193.2808 310114620.8477
75929.9146 239776826.0703 268020294.8277 226128386.5458 310739673.3001
77030.0301 239208068.1684 267229204.5116 225225352.4434 311391442.0441
78181.9506 238608952.9106 266400688.9002 224277742.5179 312071066.5231
79388.2994 237977661.6414 265532624.9596 223283117.6782 312779685.8694
80651.7552 237312294.4174 264622805.7042 222238962.1003 313518423.0771
81975.0248 236610879.7182 263668954.0003 221142703.5404 314288364.7738
83360.8066 235871389.2660 262668742.7425 219991741.6330 315090535.8018
84811.7430 235091759.2693 261619822.9607 218783485.9752 315925867.7862
86330.3591 234269919.5117 260519861.5112 217515405.8589 316795160.9700
87918.9872 233403831.7297 259366589.9842 216185093.4238 317699038.8317
89579.6749 232491538.5554 258157866.2049 214790341.6063 318637895.4406
91314.0775 231531223.8116 256891749.0359 213329237.3624 319611836.2824
93123.3356 230521284.0972 255566586.0906 211800269.2277 320620614.3443
95007.9432 229460410.1745 254181112.1616 210202446.0263 321663564.7496
96967.6130 228347674.7965 252734553.8633 208535420.7419 322739542.9056
99001.1507 227182621.2949 251226733.1937 206799610.2527 323846872.8718
101106.3523 225965344.9590 249658160.0489 204996298.5880 324983313.9100
103279.9406 224696557.5158 248030101.8587 203127709.4109 326146053.4246
105517.5557 223377624.6569 246344618.3983 201197033.6968 327331733.1350
107813.8114 222010568.1834 244604552.1807 199208401.8601 328536512.0813
110162.4190 220598028.1116 242813469.7746 197166795.9116 329756165.2308
112556.3724 219143185.5479 240975556.2429 195077905.7045 330986210.9242
114988.1780 217649652.9954 239095472.0010 192947941.8537 332222055.6366
117450.1066 216121343.5284 237178186.9404 190783424.3197 333459141.8130
119934.4408 214562332.6960 235228809.1771 188590968.2110 334693084.6472
122433.6972 212976726.6175 233252424.7896 186377086.6449 335919786.4289
124940.8067 211368546.9695 231253961.1137 184148025.4726 337135521.5218
127449.2452 209741639.4884 229238080.9108 181909638.0381 338336989.8577
129953.1143 208099608.3597 227209109.4420 179667301.6404 339521340.9566
132447.1775 206445775.3937 225170992.3082 177425872.3512 340686173.2196
134926.8606 204783160.5754 223127279.2494 175189671.7408 341829514.5296
137388.2258 203114479.4875 221081127.9616 172962497.8526 342949790.2528
139827.9272 201442152.9316 219035321.9642 170747652.8965 344045784.0253
142243.1579 199768324.5639 216992297.3058 168547981.1780 345116595.5831
144631.5921 198094883.1141 214954173.9176 166365912.1139 346161598.7296
146991.3277 196423486.6092 212922788.5413 164203504.5998 347180401.4706
149320.8315 194755586.7721 210899727.1014 162062490.1850 348172809.5060
151618.8892 193092452.4384 208886355.2299 159944313.5314 349138793.6224
153884.5600 191435191.2918 206883846.2061 157850169.3203 350078461.1159
156117.1364 189784769.5845 204893206.0111 155781035.2953 350992031.0945
158316.1100 188142029.7431 202915295.4664 153737701.4516 351879813.3572
160481.1406 186507705.9082 200950849.5925 151720795.5810 352742190.4759
162612.0308 184882437.5329 199000494.4033 149730805.4688 353579602.6904
164708.7035 183266781.2341 197064761.4227 147768098.1184 354392535.2274
166771.1833 181661221.0696 195144100.1730 145832936.3373 355181507.7010
168799.5799 180066177.4439 193238888.9141 143925493.0383 355947065.2761
170794.0747 178482014.8180 191349443.8700 142045863.5659 356689771.3202
172754.9092 176909048.3874 189476027.1615 140194076.3248 357410201.3094
174682.3748 175347549.8627 187618853.6210 138370101.9425 358108937.7891
176576.8043 173797752.4962 185778096.6765 136573861.1986 358786566.2132
178438.5649 172259855.4444 183953893.4195 134805231.8761 359443671.5266
180268.0521 170734027.5729 182146348.9936 133064054.7063 360080835.3654
182065.6841 169220410.7795 180355540.3992 131350138.5316 360698633.7753
183831.8975 167719122.9013 178581519.7980 129663264.7960 361297635.3657
185567.1435 166230260.2691 176824317.3948 128003191.4632 361878399.8267
187271.8845 164753899.9510 175083943.9519 126369656.4351 362441476.7522
188946.5915 163290101.7371 173360392.9951 124762380.5474 362987404.7173
190591.7412 161838909.8887 171653642.7454 123181070.1897 363516710.5719
192207.8147 160400354.6960 169963657.8267 121625419.6125 364029908.9110
193795.2949 158974453.8543 168290390.7629 120095112.9459 364527501.6987
195354.6655 157561213.6938 166633783.3061 118589825.9807 365009978.0163
196886.4098 156160630.2831 164993767.6212 117109227.7433 365477813.9127
198391.0089 154772690.4094 163370267.3288 115652981.8766 365931472.3465
199868.9418 153397372.4610 161763198.4387 114220747.8627 366371403.1974
201320.6835 152034647.2200 160172470.1811 112812182.1020 366798043.3400
202746.7051 150684478.5767 158597985.7518 111426938.8672 367211816.7654
204147.4731 149346824.1739 157039642.9786 110064671.1457 367613134.7441
205523.4485 148021635.9906 155497334.9200 108725031.3857 368002396.0218
206875.0868 146708860.8679 153970950.4020 107407672.1519 368379987.0419
208202.8377 145408440.9905 152460374.5053 106112246.7097 368746282.1882
209507.1444 144120314.3214 150965489.0022 104838409.5373 369101644.0448
210788.4440 142844414.9992 149486172.7527 103585816.7784 369446423.6679
212047.1666 141580673.6984 148022302.0608 102354126.6396 369780960.8677
213283.7359 140329017.9607 146573751.0006 101142999.7414 370105584.4953
214498.5686 139089372.4966 145140391.7097 99952099.4243 370420612.7349
215692.0743 137861659.4622 143722094.6578 98781092.0179 370726353.3971
216864.6560 136645798.7124 142318728.8893 97629647.0744 371023104.2128
218016.7095 135441708.0343 140930162.2455 96497437.5724 371311153.1260
219148.6235 134249303.3574 139556261.5631 95384140.0890 371590778.5849
220260.7800 133068498.9594 138196892.8687 94289434.9582 371862249.8276
221353.5538 131899207.6378 136851921.5360 93213006.3915 372125827.1669
222427.3129 130741340.8832 135521212.4471 92154542.5909 372381762.2682
223482.4185 129594809.0298 134204630.1293 91113735.8369 372630298.4231
224519.2250 128459521.4001 132902038.8868 90090282.5650 372871670.8168
225538.0800 127335386.4349 131613302.9160 89083883.4232 373106106.7902
226539.3244 126222311.8175 130338286.4181 88094243.3226 373333826.0948
227523.2926 125120204.5829 129076853.6932 87121071.4687 373555041.1428
228490.3128 124028971.2254 127828869.2352 86164081.3890 373769957.2490
229440.7063 122948517.7939 126594197.8137 85222990.9475 373978772.8670
230374.7886 121878749.9808 125372704.5500 84297522.3510 374181679.8191
231292.8686 120819573.2071 124164254.9885 83387402.1496 374378863.5186
232195.2494 119770892.6975 122968715.1601 82492361.2281 374570503.1862
233082.2279 118732613.5534 121785951.6415 81612134.7933 374756772.0600
233954.0954 117704640.8189 120615831.6093 80746462.3544 374937837.5987
234811.1371 116686879.5427 119458222.8896 79895087.6998 375113861.6781
235653.6326 115679234.8343 118312994.0021 79057758.8677 375285000.7827
236481.8561 114681611.9198 117180014.2045 78234228.1165 375451406.1892
237296.0760 113693916.1894 116059153.5280 77424251.8874 375613224.1459
238096.5557 112716053.2428 114950282.8113 76627590.7657 375770596.0450
238883.5530 111747928.9338 113853273.7344 75844009.4418 375923658.5898
239657.3206 110789449.4093 112767998.8467 75073276.6666 376072543.9557
240418.1063 109840521.1458 111694331.5928 74315165.2065 376217379.9465
241166.1528 108901050.9828 110632146.3347 73569451.7955 376358290.1452
241901.6978 107970946.1554 109581318.3755 72835917.0872 376495394.0593
242624.9745 107050114.3230 108541723.9767 72114345.6046 376628807.2613
243336.2112 106138463.5981 107513240.3783 71404525.6904 376758641.5245
244035.6317 105235902.5692 106495745.8113 70706249.4528 376885004.9541
244723.4553 104342340.3253 105489119.5129 70019312.7146 377008002.1138
245399.8968 103457686.4772 104493241.7393 69343514.9593 377127734.1474
246065.1668 102581851.1771 103507993.7747 68678659.2772 377244298.8972
246719.4716 101714745.1358 102533257.9414 68024552.3109 377357791.0174
247363.0135 100856279.6425 101568917.6098 67381004.2034 377468302.0837
247995.9905 100006366.5778 100614857.2033 66747828.5413 377575920.6993
248618.5969 99164918.4277 99670962.2038 66124842.3008 377680732.5971
249231.0230 98331848.2968 98737119.1572 65511865.7938 377782820.7382
249833.4552 97507069.9222 97813215.6786 64908722.6149 377882265.4066
250426.0763 96690497.6804 96899140.4521 64315239.5846 377979144.3017
251009.0653 95882046.6002 95994783.2357 63731246.6983 378073532.6258
251582.5980 95081632.3706 95100034.8617 63156577.0720 378165503.1700
252146.8462 94289171.3473 94214787.2359 62591066.8884 378255126.3963
252701.9786 93504580.5611 93338933.3390 62034555.3454 378342470.5173
253248.1605 92727777.7229 92472367.2239 61486884.6027 378427601.5725
253785.5539 91958681.2310 91614984.0168 60947899.7319 378510583.5021
254314.3175 91197210.1739 90766679.9133 60417448.6640 378591478.2185
254834.6070 90443284.3369 89927352.1776 59895382.1398 378670345.6747
255346.5749 89696824.2032 89096899.1376 59381553.6590 378747243.9310
255850.3707 88957750.9577 88275220.1827 58875819.4313 378822229.2188
256346.1411 88225986.4889 87462215.7581 58378038.3266 378895356.0023
256834.0298 87501453.3927 86657787.3644 57888071.8290 378966677.0378
257314.1776 86784074.9706 85861837.5480 57405783.9867 379036243.4314
257786.7227 86073775.2319 85074269.8983 56931041.3658 379104104.6946
258251.8004 85370478.8966 84294989.0451 56463713.0061 379170308.7969
258709.5435 84674111.3907 83523900.6470 56003670.3721 379234902.2185
259160.0822 83984598.8503 82760911.3916 55550787.3112 379297929.9990
259603.5440 83301868.1202 82005928.9873 55104940.0087 379359435.7859
260040.0540 82625846.7495 81258862.1541 54666006.9426 379419461.8811
260469.7351 81956462.9927 80519620.6191 54233868.8416 379478049.2851
260892.7074 81293645.8091 79788115.1116 53808408.6444 379535237.7406
261309.0889 80637324.8592 79064257.3532 53389511.4565 379591065.7735
261718.9953 79987430.5013 78347960.0506 52977064.5091 379645570.7339
262122.5400 79343893.7936 77639136.8920 52570957.1214 379698788.8341
262519.8344 78706646.4866 76937702.5351 52171080.6585 379750755.1863
262910.9874 78075621.0229 76243572.6021 51777328.4938 379801503.8388
263296.1061 77450750.5325 75556663.6705 51389595.9704 379851067.8108
263675.2954 76831968.8307 74876893.2662 51007780.3639 379899479.1259
264048.6582 76219210.4146 74204179.8561 50631780.8462 379946768.8446
264416.2956 75612410.4595 73538442.8394 50261498.4486 379992967.0960
264778.3065 75011504.8143 72879602.5394 49896836.0264 380038103.1074
265134.7880 74416429.9977 72227580.1951 49537698.2239 380082205.2341
265485.8355 73827123.1946 71582297.9535 49183991.4405 380125300.9876
265831.5423 73243522.2514 70943678.8610 48835623.7966 380167417.0624
266172.0003 72665565.6723 70311646.8557 48492505.1015 380208579.3628
266507.2992 72093192.6152 69686126.7595 48154546.8205 380248813.0278
266837.5274 71526342.8857 69067044.2675 47821662.0426 380288142.4562
267162.7714 70964956.9329 68454325.9412 47493765.4496 380326591.3299
267483.1162 70408975.8446 67847899.1992 47170773.2856 380364182.6371
267798.6451 69858341.3443 67247692.3107 46852603.3273 380400938.6940
268109.4398 69312995.7835 66653634.3845 46539174.8538 380436881.1666
268415.5807 68772882.1406 66065655.3642 46230408.6191 380472031.0910
268717.1463 68237944.0115 65483686.0152 45926226.8217 380506408.8935
269014.2140 67708125.6078 64907657.9199 45626553.0783 380540034.4098
269306.8595 67183371.7492 64337503.4660 45331312.3954 380572926.9038
269595.1573 66663627.8607 63773155.8417 45040431.1436 380605105.0854
269879.1804 66148839.9670 63214549.0257 44753837.0311 380636587.1278
270159.0003 65638954.6853 62661617.7774 44471459.0772 380667390.6846
270434.6875 65133919.2227 62114297.6312 44193227.5878 380697532.9055
270706.3108 64633681.3698 61572524.8867 43919074.1307 380727030.4529
270973.9381 64138189.4943 61036236.5998 43648931.5103 380755899.5160
271237.6359 63647392.5373 60505370.5758 43382733.7451 380784155.8264
271497.4693 63161240.0080 59979865.3611 43120416.0436 380811814.6715
271753.5024 62679681.9782 59459660.2352 42861914.7822 380838890.9088
272005.7982 62202669.0767 58944695.2018 42607167.4820 380865398.9788
272254.4182 61730152.4832 58434910.9807 42356112.7864 380891352.9181
272499.4232 61262083.9241 57930248.9999 42108690.4406 380916766.3713
272740.8726 60798415.6670 57430651.3883 41864841.2700 380941652.6037
272978.8247 60339100.5150 56936060.9674 41624507.1593 380966024.5122
273213.3370 59884091.8026 56446421.2439 41387631.0330 380989894.6369
273444.4657 59433343.3884 55961676.4005 41154156.8340 381013275.1719
273672.2661 58986809.6514 55481771.2896 40924029.5057 381036177.9757
273896.7924 58544445.4859 55006651.4258 40697194.9721 381058614.5814
274118.0979 58106206.2948 54536262.9765 40473600.1188 381080596.2064
274336.2349 57672047.9851 54070552.7557 40253192.7750 381102133.7621
274551.2549 57241926.9631 53609468.2162 40035921.6954 381123237.8629
274763.2081 56815800.1289 53152957.4421 39821736.5427 381143918.8354
274972.1443 56393624.8706 52700969.1410 39610587.8698 381164186.7265
275178.1120 55975359.0602 52253452.6374 39402427.1034 381184051.3122
275381.1591 55560961.0493 51810357.8665 39197206.5277 381203522.1054
275581.3323 55150389.6612 51371635.3638 38994879.2670 381222608.3637
275778.6780 54743604.1879 50937236.2606 38795399.2703 381241319.0972
275973.2412 54340564.3847 50507112.2760 38598721.2959 381259663.0755
276165.0664 53941230.4648 50081215.7096 38404800.8955 381277648.8350
276354.1974 53545563.0950 49659499.4356 38213594.3999 381295284.6857
276540.6770 53153523.3900 49241916.8949 38025058.9034 381312578.7177
276724.5473 52765072.9078 48828422.0882 37839152.2499 381329538.8079
276905.8498 52380173.6457 48418969.5709 37655833.0190 381346172.6257
277084.6251 51998788.0344 48013514.4450 37475060.5118 381362487.6399
277260.9132 51620878.9327 47612012.3515 37296794.7365 381378491.1235
277434.7532 51246409.6248 47214419.4670 37120996.3968 381394190.1602
277606.1838 50875343.8145 46820692.4950 36947626.8777 381409591.6495
277775.2428 50507645.6188 46430788.6585 36776648.2326 381424702.3118
277941.9674 50143279.5656 46044665.6959 36608023.1710 381439528.6943
278106.3942 49782210.5872 45662281.8522 36441715.0458 381454077.1749
278268.5591 49424404.0190 45283595.8773 36277687.8429 381468353.9680
278428.4975 49069825.5906 44908567.0143 36115906.1671 381482365.1286
278586.2439 48718441.4249 44537154.9977 35956335.2321 381496116.5570
278741.8326 48370218.0314 44169320.0449 35798940.8485 381509614.0031
278895.2970 48025122.3029 43805022.8513 35643689.4127 381522863.0710
279046.6699 47683121.5097 43444224.5832 35490547.8958 381535869.2226
279195.9839 47344183.2979 43086886.8745 35339483.8337 381548637.7821
279343.2705 47008275.6827 42732971.8187 35190465.3161 381561173.9394
279488.5612 46675367.0459 42382441.9644 35043460.9761 381573482.7542
279631.8866 46345426.1299 42035260.3089 34898439.9803 381585569.1597
279773.2768 46018422.0340 41691390.2922 34755372.0187 381597437.9656
279912.7616 45694324.2118 41350795.7933 34614227.2954 381609093.8623
280050.3701 45373102.4651 41013441.1231 34474976.5190 381620541.4235
280186.1310 45054726.9407 40679291.0193 34337590.8930 381631785.1099
280320.0724 44739168.1269 40348310.6424 34202042.1070 381642829.2722
280452.2220 44426396.8485 40020465.5686 34068302.3279 381653678.1539
280582.6071 44116384.2624 39695721.7844 33936344.1901 381664335.8947
280711.2545 43809101.8574 39374045.6857 33806140.7890 381674806.5327
280838.1903 43504521.4446 39055404.0663 33677665.6702 381685094.0079
280963.4406 43202615.1589 38739764.1183 33550892.8231 381695202.1644
281087.0307 42903355.4518 38427093.4243 33425796.6718 381705134.7530
281208.9856 42606715.0885 38117359.9527 33302352.0671 381714895.4341
281329.3299 42312667.1449 37810532.0539 33180534.2794 381724487.7797
281448.0879 42021185.0040 37506578.4555 33060318.9907 381733915.2760
281565.2832 41732242.3500 37205468.2552 32941682.2868 381743181.3260
281680.9392 41445813.1682 36907170.9200 32824600.6504 381752289.2510
281795.0789 41161871.7391 36611656.2785 32709050.9540 381761242.2934
281907.7249 40880392.6360 36318894.5186 32595010.4526 381770043.6187
282018.8994 40601350.7211 36028856.1814 32482456.7770 381778696.3174
282128.6243 40324721.1415 35741512.1569 32371367.9265 381787203.4070
282236.9210 40050479.3265 35456833.6799 32261722.2625 381795567.8340
282343.8107 39778600.9839 35174792.3258 32153498.5025 381803792.4760
282449.3143 39509062.0979 34895360.0071 32046675.7130 381811880.1429
282553.4520 39241838.9227 34618508.9665 31941233.3033 381819833.5795
282656.2440 38976907.9842 34344211.7769 31837151.0204 381827655.4663
282757.7102 38714246.0718 34072441.3333 31734408.9411 381835348.4221
282857.8699 38453830.2383 33803170.8510 31632987.4677 381842915.0049
282956.7423 38195637.7953 33536373.8606 31532867.3215 381850357.7137
283054.3462 37939646.3106 33272024.2041 31434029.5370 381857678.9904
283150.7001 37685833.6059 33010096.0321 31336455.4568 381864881.2205
283245.8223 37434177.7534 32750563.7995 31240126.7260 381871966.7354
283339.7306 37184657.0713 32493402.2602 31145025.2864 381878937.8132
283432.4426 36937250.1228 32238586.4650 31051133.3717 381885796.6803
283523.9758 36691935.7120 31986091.7570 30958433.5021 381892545.5128
283614.3471 36448692.8816 31735893.7683 30866908.4792 381899186.4374
283703.5733 36207500.9106 31487968.4174 30776541.3816 381905721.5331
283791.6710 35968339.3098 31242291.9032 30687315.5591 381912152.8325
283878.6564 35731187.8206 30998840.7035 30599214.6287 381918482.3222
283964.5455 35496026.4115 30757591.5709 30512222.4694 381924711.9450
284049.3540 35262835.2742 30518521.5277 30426323.2174 381930843.6001
284133.0973 35031594.8237 30281607.8658 30341501.2626 381936879.1448
284215.7908 34802285.6943 30046828.1415 30257741.2435 381942820.3953
284297.4494 34574888.7348 29814160.1706 30175028.0422 381948669.1277
284378.0877 34349385.0103 29583582.0288 30093346.7816 381954427.0792
284457.7205 34125755.7968 29355072.0464 30012682.8204 381960095.9486
284536.3619 33903982.5782 29128608.8039 29933021.7487 381965677.3981
284614.0259 33684047.0451 28904171.1307 29854349.3844 381971173.0532
284690.7264 33465931.0925 28681738.1019 29776651.7694 381976584.5043
284766.4771 33249616.8160 28461289.0340 29699915.1651 381981913.3075
284841.2913 33035086.5097 28242803.4821 29624126.0490 381987160.9851
284915.1822 32822322.6662 28026261.2394 29549271.1114 381992329.0266
284988.1627 32611307.9707 27811642.3305 29475337.2510 381997418.8898
285060.2458 32402025.3006 27598927.0105 29402311.5713 382002432.0009
285131.4438 32194457.7238 27388095.7630 29330181.3780 382007369.7561
285201.7692 31988588.4947 27179129.2949 29258934.1744 382012233.5215
285271.2342 31784401.0533 26972008.5359 29188557.6589 382017024.6345
285339.8508 31581879.0225 26766714.6340 29119039.7209 382021744.4041
285407.6308 31381006.2055 26563228.9536 29050368.4381 382026394.1117
285474.5858 31181766.5849 26361533.0731 28982532.0732 382030975.0117
285540.7272 30984144.3186 26161608.7810 28915519.0703 382035488.3324
285606.0663 30788123.7391 25963438.0743 28849318.0522 382039935.2762
285670.6143 30593689.3519 25767003.1561 28783917.8177 382044317.0206
285734.3819 30400825.8316 25572286.4320 28719307.3377 382048634.7185
285797.3800 30209518.0216 25379270.5085 28655475.7530 382052889.4990
285859.6192 30019750.9316 25187938.1909 28592412.3714 382057082.4679
285921.1098 29831509.7355 24998272.4795 28530106.6647 382061214.7082
285981.8621 29644779.7681 24810256.5672 28468548.2654 382065287.2806
286041.8863 29459546.5259 24623873.8385 28407726.9652 382069301.2240
286101.1922 29275795.6634 24439107.8666 28347632.7112 382073257.5564
286159.7898 29093512.9915 24255942.4105 28288255.6041 382077157.2748
286217.6885 28912684.4758 24074361.4129 28229585.8950 382081001.3560
286274.8980 28733296.2335 23894348.9976 28171613.9829 382084790.7571
286331.4275 28555334.5351 23715889.4691 28114330.4131 382088526.4158
286387.2864 28378785.7984 23538967.3080 28057725.8737 382092209.2510
286442.4836 28203636.5883 23363567.1690 28001791.1934 382095840.1633
286497.0281 28029873.6167 23189673.8811 27946517.3400 382099420.0349
286550.9287 27857483.7387 23017272.4434 27891895.4170 382102949.7308
286604.1941 27686453.9514 22846348.0229 27837916.6621 382106430.0986
286656.8327 27516771.3936 22676885.9547 27784572.4447 382109861.9690
28696
285300.4133 25068533.4248 25754063.4411 29159003.1959 382019015.8248
285353.0802 24905720.3139 25577929.9783 29105644.2102 382022635.4732
285405.1261 24744232.4768 25403262.9099 29052913.8269 382026205.0639
285456.5594 24584057.1419 25230047.9126 29000803.6202 382029725.4294
285507.3882 24425181.6771 25058270.8212 28949305.2909 382033197.3859
285557.6206 24267593.5883 24887917.6272 28898410.6635 382036621.7338
285607.2646 24111280.5190 24718974.4776 28848111.6850 382039999.2577
285656.3281 23956230.2469 24551427.6718 28798400.4223 382043330.7273
285704.8188 23802430.6833 24385263.6603 28749269.0605 382046616.8973
285752.7442 23649869.8720 24220469.0436 28700709.9011 382049858.5078
285800.1120 23498535.9857 24057030.5684 28652715.3594 382053056.2849
285846.9294 23348417.3272 23894935.1286 28605277.9637 382056210.9406
285893.2038 23199502.3250 23734169.7603 28558390.3525 382059323.1734
285938.9424 23051779.5340 23574721.6432 28512045.2731 382062393.6685
285984.1521 22905237.6332 23416578.0968 28466235.5800 382065423.0980
286028.8401 22759865.4235 23259726.5788 28420954.2327 382068412.1215
286073.0130 22615651.8281 23104154.6855 28376194.2945 382071361.3860
286116.6778 22472585.8895 22949850.1480 28331948.9308 382074271.5262
286159.8410 22330656.7674 22796800.8300 28288211.4066 382077143.1651
286202.5092 22189853.7393 22644994.7285 28244975.0858 382079976.9139
286244.6889 22050166.1979 22494419.9708 28202233.4294 382082773.3726
286286.3865 21911583.6498 22345064.8131 28159979.9936 382085533.1299
286327.6082 21774095.7150 22196917.6394 28118208.4289 382088256.7634
286368.3602 21637692.1245 22049966.9599 28076912.4781 382090944.8404
286408.6486 21502362.7193 21904201.4087 28036085.9747 382093597.9173
286448.4795 21368097.4489 21759609.7425 27995722.8417 382096216.5406
286487.8587 21234886.3710 21616180.8405 27955817.0905 382098801.2467
286526.7921 21102719.6489 21473903.7012 27916362.8185 382101352.5621
286565.2854 20971587.5507 21332767.4416 27877354.2089 382103871.0036
286603.3443 20841480.4481 21192761.2955 27838785.5282 382106357.0790
286640.9744 20712388.8162 21053874.6138 27800651.1262 382108811.2863
286678.1812 20584303.2312 20916096.8614 27762945.4335 382111234.1151
286714.9701 20457214.3691 20779417.6159 27725662.9607 382113626.0456
286751.3464 20331113.0049 20643826.5670 27688798.2972 382115987.5498
286787.3155 20205990.0110 20509313.5141 27652346.1097 382118319.0910
286822.8825 20081836.3561 20375868.3654 27616301.1410 382120621.1243
286858.0526 19958643.1057 20243481.1385 27580658.2092 382122894.0966
286892.8308 19836401.4183 20112141.9557 27545412.2060 382125138.4469
286927.2221 19715102.5460 19981841.0453 27510558.0958 382127354.6063
286961.2313 19594737.8331 19852568.7394 27476090.9146 382129542.9986
286994.8634 19475298.7151 19724315.4732 27442005.7688 382131704.0396
287028.1230 19356776.7174 19597071.7832 27408297.8341 382133838.1383
287061.0150 19239163.4548 19470828.3067 27374962.3546 382135945.6961
287093.5439 19122450.6293 19345575.7797 27341994.6412 382138027.1076
287125.7142 19006630.0300 19221305.0360 27309390.0711 382140082.7605
287157.5306 18891693.5314 19098007.0060 27277144.0864 382142113.0357
287188.9974 18777633.0938 18975672.7169 27245252.1936 382144118.3075
287220.1190 18664440.7605 18854293.2893 27213709.9618 382146098.9436
287250.8997 18552108.6595 18733859.9394 27182513.0231 382148055.3056
287281.3439 18440628.9984 18614363.9730 27151657.0696 382149987.7486
287311.4556 18329994.0665 18495796.7885 27121137.8542 382151896.6218
287341.2390 18220196.2341 18378149.8747 27090951.1891 382153782.2683
287370.6982 18111227.9498 18261414.8097 27061092.9445 382155645.0254
287399.8373 18003081.7412 18145583.2595 27031559.0486 382157485.2246
287428.6601 17895750.2115 18030646.9763 27002345.4855 382159303.1917
287457.1707 17789226.0420 17916597.7997 26973448.2953 382161099.2472
287485.3728 17683501.9889 17803427.6539 26944863.5731 382162873.7060
287513.2703 17578570.8835 17691128.5475 26916587.4680 382164626.8776
287540.8669 17474425.6306 17579692.5720 26888616.1819 382166359.0665
287568.1663 17371059.2077 17469111.9010 26860945.9694 382168070.5721
287595.1722 17268464.6648 17359378.7893 26833573.1367 382169761.6885
287621.8881 17166635.1232 17250485.5721 26806494.0405 382171432.7052
287648.3177 17065563.7743 17142424.6639 26779705.0877 382173083.9068
287674.4644 16965243.8798 17035188.5579 26753202.7345 382174715.5730
287700.3316 16865668.7699 16928769.8246 26726983.4856 382176327.9791
287725.9229 16766831.8426 16823161.1106 26701043.8932 382177921.3958
287751.2414 16668726.5640 16718355.1394 26675380.5570 382179496.0892
287776.2906 16571346.4660 16614344.7085 26649990.1226 382181052.3211
287801.0737 16474685.1468 16511122.6898 26624869.2817 382182590.3490
287825.5940 16378736.2693 16408682.0283 26600014.7705 382184110.4264
287849.8546 16283493.5610 16307015.7412 26575423.3698 382185612.8022
287873.8586 16188950.8127 16206116.9175 26551091.9038 382187097.7218
287897.6092 16095101.8784 16105978.7167 26527017.2399 382188565.4262
287921.1094 16001940.6737 16006594.3680 26503196.2876 382190016.1526
287944.3622 15909461.1762 15907957.1701 26479625.9983 382191450.1345
287967.3705 15817657.4238 15810060.4895 26456303.3642 382192867.6015
287990.1374 15726523.5152 15712897.7611 26433225.4183 382194268.7796
288012.6657 15636053.6076 15616462.4857 26410389.2331 382195653.8911
288034.9583 15546241.9174 15520748.2302 26387791.9207 382197023.1548
288057.0179 15457082.7186 15425748.6269 26365430.6315 382198376.7859
288078.8474 15368570.3435 15331457.3731 26343302.5543 382199714.9965
288100.4494 15280699.1804 15237868.2289 26321404.9155 382201037.9949
288121.8267 15193463.6737 15144975.0181 26299734.9782 382202345.9863
288142.9820 15106858.3234 15052771.6264 26278290.0420 382203639.1728
288163.9179 15020877.6846 14961252.0015 26257067.4426 382204917.7531
288184.6370 14935516.3665 14870410.1521 26236064.5510 382206181.9228
288205.1418 14850769.0322 14780240.1471 26215278.7731 382207431.8746
288225.4348 14766630.3976 14690736.1149 26194707.5490 382208667.7981
288245.5187 14683095.2309 14601892.2425 26174348.3526 382209889.8798
288265.3957 14600158.3522 14513702.7756 26154198.6915 382211098.3035
288285.0684 14517814.6334 14426162.0173 26134256.1058 382212293.2500
288304.5392 14436058.9967 14339264.3278 26114518.1682 382213474.8975
288323.8104 14354886.4145 14253004.1232 26094982.4832 382214643.4211
288342.8843 14274291.9085 14167375.8755 26075646.6868 382215798.9936
288361.7633 14194270.5499 14082374.1116 26056508.4458 382216941.7848
288380.4496 14114817.4587 13997993.4136 26037565.4579 382218071.9622
288398.9455 14035927.8027 13914228.4170 26018815.4508 382219189.6906
288417.2532 13957596.7967 13831073.8103 26000256.1817 382220295.1321
288435.3748 13879819.7023 13748524.3341 25981885.4369 382221388.4466
288453.3126 13802591.8280 13666574.7821 25963701.0319 382222469.7914
288471.0687 13725908.5285 13585219.9992 25945700.8105 382223539.3217
288488.6450 13649765.2030 13504454.8809 25927882.6442 382224597.1899
288506.0439 13574157.2962 13424274.3731 25910244.4324 382225643.5464
288523.2672 13499080.2970 13344673.4718 25892784.1016 382226678.5394
288540.3170 13424529.7384 13265647.2220 25875499.6050 382227702.3146
288557.1953 13350501.1965 13187190.7173 25858388.9225 382228715.0158
288573.9040 13276990.2906 13109299.0995 25841450.0596 382229716.7844
288590.4452 13203992.6827 13031967.5585 25824681.0478 382230707.7599
288606.8207 13131504.0761 12955191.3304 25808079.9439 382231688.0795
288623.0324 13059520.2171 12878965.6993 25791644.8297 382232657.8787
288639.0822 12988036.8913 12803285.9937 25775373.8111 382233617.2906
288654.9719 12917049.9265 12728147.5890 25759265.0190 382234566.4467
288670.7034 12846555.1898 12653545.9048 25743316.6075 382235505.4762
288686.2784 12776548.5882 12579476.4056 25727526.7547 382236434.5067
288701.6988 12707026.0686 12505934.6001 25711893.6617 382237353.6637
288716.9663 12637983.6159 12432916.0401 25696415.5526 382238263.0711
288732.0825 12569417.2545 12360416.3214 25681090.6741 382239162.8508
288747.0493 12501323.0464 12288431.0817 25665917.2951 382240053.1231
288761.8683 12433697.0910 12216956.0009 25650893.7064 382240934.0062
288776.5412 12366535.5255 12145986.8011 25636018.2205 382241805.6170
288791.0696 12299834.5237 12075519.2454 25621289.1711 382242668.0705
288805.4551 12233590.2961 12005549.1379 25606704.9133 382243521.4800
288819.6994 12167799.0891 11936072.3229 25592263.8226 382244365.9573
288833.8040 12102457.1852 11867084.6852 25577964.2951 382245201.6124
288847.7705 12037560.9015 11798582.1482 25563804.7469 382246028.5541
288861.6005 11973106.5906 11730560.6750 25549783.6142 382246846.8891
288875.2954 11909090.6395 11663016.2675 25535899.3528 382247656.7230
288888.8567 11845509.4697 11595944.9657 25522150.4377 382248458.1598
288902.2861 11782359.5358 11529342.8471 25508535.3629 382249251.3018
288915.5848 11719637.3266 11463206.0271 25495052.6415 382250036.2502
288928.7544 11657339.3631 11397530.6574 25481700.8048 382250813.1045
288941.7964 11595462.2002 11332312.9274 25468478.4027 382251581.9629
288954.7120 11534002.4245 11267549.0619 25455384.0028 382252342.9223
288967.5027 11472956.6548 11203235.3220 25442416.1909 382253096.0779
288980.1700 11412321.5417 11139368.0043 25429573.5700 382253841.5240
288992.7151 11352093.7674 11075943.4403 25416854.7606 382254579.3533
289005.1393 11292270.0448 11012957.9963 25404258.4001 382255309.6572
289017.4441 11232847.1176 10950408.0728 25391783.1430 382256032.5260
289029.6308 11173821.7601 10888290.1046 25379427.6600 382256748.0487
289041.7006 11115190.7768 10826600.5602 25367190.6386 382257456.3129
289053.6547 11056951.0017 10765335.9409 25355070.7821 382258157.4051
289065.4946 10999099.2984 10704492.7816 25343066.8101 382258851.4106
289077.2214 10941632.5595 10644067.6488 25331177.4575 382259538.4135
289088.8363 10884547.7061 10584057.1417 25319401.4750 382260218.4969
289100.3406 10827841.6884 10524457.8914 25307737.6283 382260891.7424
289111.7355 10771511.4847 10465266.5605 25296184.6984 382261558.2308
289123.0222 10715554.1012 10406479.8429 25284741.4813 382262218.0417
289134.2018 10659966.5720 10348094.4636 25273406.7874 382262871.2536
289145.2755 10604745.9585 10290107.1782 25262179.4418 382263517.9440
289156.2444 10549889.3486 10232514.7715 25251058.2837 382264158.1891
289167.1097 10495393.8575 10175314.0593 25240042.1664 382264792.0643
289177.8725 10441256.6273 10118501.8870 25229129.9573 382265419.6440
289188.5339 10387474.8258 10062075.1288 25218320.5374 382266041.0014
289199.0950 10334045.6467 10006030.6881 25207612.8012 382266656.2089
289209.5569 10280966.3096 9950365.4968 25197005.6566 382267265.3379
289219.9206 10228234.0594 9895076.5153 25186498.0244 382267868.4586
289230.1871 10175846.1664 9840160.7322 25176088.8389 382268465.6406
289240.3576 10123799.9257 9785615.1639 25165777.0469 382269056.9524
289250.4331 10072092.6574 9731436.8544 25155561.6079 382269642.4615
289260.4145 10020721.7054 9677622.8746 25145441.4938 382270222.2347
289270.3029 9969684.4377 9624170.3222 25135415.6890 382270796.3377
289280.0992 9918978.2469 9571076.3223 25125483.1899 382271364.8356
289289.8045 9868600.5489 9518338.0258 25115643.0050 382271927.7923
289299.4196 9818548.7829 9465952.6099 25105894.1546 382272485.2711
289308.9457 9768820.4115 9413917.2776 25096235.6706 382273037.3344
289318.3835 9719412.9197 9362229.2572 25086666.5964 382273584.0437
289327.7340 9670323.8160 9310885.8029 25077185.9871 382274125.4599
289336.9983 9621550.6310 9259884.1937 25067792.9086 382274661.6428
289346.1770 9573090.9177 9209221.7334 25058486.4381 382275192.6516
289355.2713 9524942.2505 9158895.7498 25049265.6636 382275718.5448
289364.2819 9477102.2260 9108903.5956 25040129.6840 382276239.3800
289373.2097 9429568.4625 9059242.6474 25031077.6087 382276755.2140
289382.0557 9382338.5992 9009910.3051 25022108.5578 382277266.1030
289390.8205 9335410.2972 8960903.9932 25013221.6616 382277772.1024
289399.5052 9288781.2382 8912221.1589 25004416.0608 382278273.2670
289408.1106 9242449.1242 8863859.2723 24995690.9060 382278769.6507
289416.6374 9196411.6780 8815815.8264 24987045.3579 382279261.3067
289425.0865 9150666.6430 8768088.3373 24978478.5870 382279748.2878
289433.4587 9105211.7822 8720674.3429 24969989.7734 382280230.6458
289441.7548 9060044.8786 8673571.4034 24961578.1071 382280708.4321
289449.9757 9015163.7350 8626777.1009 24953242.7872 382281181.6971
289458.1219 8970566.1738 8580289.0394 24944983.0223 382281650.4909
289466.1944 8926250.0361 8534104.8439 24936798.0301 382282114.8629
289474.1940 8882213.1829 8488222.1613 24928687.0377 382282574.8616
289482.1213 8838453.4937 8442638.6592 24920649.2808 382283030.5352
289489.9770 8794968.8661 8397352.0255 24912684.0042 382283481.9311
289497.7621 8751757.2174 8352359.9696 24904790.4613 382283929.0963
289505.4771 8708816.4830 8307660.2215 24896967.9143 382284372.0769
289513.1228 8666144.6160 8263250.5305 24889215.6340 382284810.9187
289520.6999 8623739.5872 8219128.6660 24881532.8991 382285245.6668
289528.2091 8581599.3862 8175292.4180 24873918.9973 382285676.3657
289535.6510 8539722.0194 8131739.5952 24866373.2241 382286103.0594
289543.0265 8498105.5108 8088468.0262 24858894.8830 382286525.7913
289550.3362 8456747.9019 8045475.5587 24851483.2858 382286944.6045
289557.5806 8415647.2510 8002760.0592 24844137.7521 382287359.5411
289564.7606 8374801.6336 7960319.4134 24836857.6091 382287770.6430
289571.8768 8334209.1417 7918151.5253 24829642.1920 382288177.9516
289578.9297 8293867.8845 7876254.3179 24822490.8433 382288581.5076
289585.9201 8253775.9869 7834625.7320 24815402.9133 382288981.3513
289592.8486 8213931.5905 7793263.7265 24808377.7594 382289377.5226
289599.7157 8174332.8532 7752166.2788 24801414.7466 382289770.0606
289606.5222 8134977.9484 7711331.3833 24794513.2470 382290159.0043
289613.2687 8095865.0654 7670757.0521 24787672.6397 382290544.3920
289619.9556 8056992.4091 7630441.3148 24780892.3109 382290926.2615
289626.5838 8018358.2000 7590382.2182 24774171.6540 382291304.6503
289633.1536 7979960.6740 7550577.8262 24767510.0688 382291679.5952
289639.6658 7941798.0824 7511026.2199 24760906.9624 382292051.1329
289646.1208 7903868.6911 7471725.4964 24754361.7483 382292419.2992
289652.5194 7866170.7810 7432673.7697 24747873.8464 382292784.1299
289658.8620 7828702.6477 7393869.1702 24741442.6836 382293145.6601
289665.1491 7791462.6017 7355309.8444 24735067.6929 382293503.9246
289671.3815 7754448.9674 7316993.9549 24728748.3138 382293858.9577
289677.5595 7717660.0844 7278919.6805 24722483.9921 382294210.7933
289683.6837 7681094.3058 7241085.2153 24716274.1797 382294559.4649
289689.7547 7644749.9990 7203488.7694 24710118.3347 382294905.0057
289695.7731 7608625.5449 7166128.5678 24704015.9212 382295247.4482
289701.7392 7572719.3390 7129002.8515 24697966.4095 382295586.8249
289707.6537 7537029.7897 7092109.8761 24691969.2755 382295923.1676
289713.5170 7501555.3195 7055447.9126 24686024.0011 382296256.5079
289719.3297 7466294.3636 7019015.2463 24680130.0739 382296586.8770
289725.0922 7431245.3708 6982810.1776 24674286.9873 382296914.3056
289730.8051 7396406.8031 6946831.0213 24668494.2401 382297238.8242
289736.4688 7361777.1355 6911076.1070 24662751.3368 382297560.4628
289742.0839 7327354.8558 6875543.7779 24657057.7874 382297879.2512
289747.6507 7293138.4646 6840232.3921 24651413.1074 382298195.2187
289753.1698 7259126.4748 6805140.3211 24645816.8172 382298508.3942
289758.6417 7225317.4123 6770265.9503 24640268.4431 382298818.8066
289764.0667 7191709.8150 6735607.6794 24634767.5162 382299126.4840
289769.4454 7158302.2332 6701163.9207 24629313.5728 382299431.4545
289774.7783 7125093.2298 6666933.1016 24623906.1545 382299733.7457
289780.0656 7092081.3789 6632913.6611 24618544.8078 382300033.3851
289785.3080 7059265.2671 6599104.0523 24613229.0841 382300330.3995
289790.5059 7026643.4927 6565502.7415 24607958.5397 382300624.8158
289795.6596 6994214.6659 6532108.2078 24602732.7360 382300916.6603
289800.7695 6961977.4078 6498918.9427 24597551.2389 382301205.9590
289805.8363 6929930.3516 6465933.4509 24592413.6192 382301492.7379
289810.8601 6898072.1417 6433150.2498 24587319.4522 382301777.0222
289815.8416 6866401.4336 6400567.8686 24582268.3180 382302058.8374
289820.7809 6834916.8942 6368184.8496 24577259.8011 382302338.2081
289825.6787 6803617.2016 6335999.7472 24572293.4908 382302615.1591
289830.5352 6772501.0440 6304011.1273 24567368.9805 382302889.7146
289835.3509 6741567.1214 6272217.5685 24562485.8682 382303161.8987
289840.1262 6710814.1441 6240617.6612 24557643.7562 382303431.7352
289844.8614 6680240.8332 6209210.0074 24552842.2511 382303699.2475
289849.5570 6649845.9203 6177993.2209 24548080.9636 382303964.4589
289854.2132 6619628.1472 6146965.9269 24543359.5090 382304227.3924
289858.8306 6589586.2663 6116126.7620 24538677.5062 382304488.0705
289863.4094 6559719.0402 6085474.3744 24534034.5786 382304746.5159
289867.9500 6530025.2415 6055007.4233 24529430.3535 382305002.7505
289872.4529 6500503.6531 6024724.5793 24524864.4622 382305256.7964
289876.9182 6471153.0676 5994624.5236 24520336.5399 382305508.6753
289881.3465 6441972.2879 5964705.9490 24515846.2257 382305758.4086
289885.7381 6412960.1262 5934967.5584 24511393.1628 382306006.0174
289890.0932 6384115.4042 5905408.0654 24506976.9977 382306251.5227
289894.4124 6355436.9541 5876026.1950 24502597.3813 382306494.9452
289898.6958 6326923.6170 5846820.6824 24498253.9677 382306736.3055
289902.9438 6298574.2436 5817790.2729 24493946.4150 382306975.6236
289907.1568 6270387.6936 5788933.7222 24489674.3848 382307212.9198
289911.3351 6242362.8362 5760249.7963 24485437.5422 382307448.2137
289915.4790 6214498.5495 5731737.2713 24481235.5559 382307681.5250
289919.5889 6186793.7214 5703394.9335 24477068.0982 382307912.8730
289923.6650 6159247.2478 5675221.5790 24472934.8449 382308142.2768
289927.7077 6131858.0344 5647216.0137 24468835.4750 382308369.7554
289931.7174 6104624.9952 5619377.0535 24464769.6711 382308595.3274
289935.6942 6077547.0532 5591703.5238 24460737.1191 382308819.0114
289939.6385 6050623.1400 5564194.2595 24456737.5081 382309040.8258
289943.5506 6023852.1956 5536848.1052 24452770.5306 382309260.7884
289947.4309 5997233.1684 5509663.9145 24448835.8821 382309478.9174
289951.2796 5970765.0157 5482640.5506 24444933.2616 382309695.2304
289955.0969 5944446.7028 5455776.8861 24441062.3710 382309909.7448
289958.8833 5918277.2040 5429071.8028 24437222.9156 382310122.4781
289962.6390 5892255.5006 5402524.1910 24433414.6034 382310333.4472
289966.3642 5866380.5831 5376132.9506 24429637.1458 382310542.6692
289970.0593 5840651.4492 5349896.9898 24425890.2569 382310750.1608
289973.7245 5815067.1053 5323815.2262 24422173.6541 382310955.9386
289977.3601 5789626.5651 5297886.5856 24418487.0575 382311160.0189
289980.9664 5764328.8506 5272110.0028 24414830.1902 382311362.4179
289984.5436 5739172.9915 5246484.4213 24411202.7781 382311563.1518
289988.0921 5714158.0247 5221008.7925 24407604.5501 382311762.2362
289991.6120 5689282.9954 5195682.0768 24404035.2376 382311959.6870
289995.1037 5664546.9560 5170503.2426 24400494.5752 382312155.5195
289998.5674 5639948.9663 5145471.2668 24396982.2999 382312349.7493
290002.0034 5615488.0939 5120585.1344 24393498.1515 382312542.3913
290005.4118 5591163.4135 5095843.8385 24390041.8725 382312733.4607
290008.7931 5566974.0071 5071246.3804 24386613.2082 382312922.9723
290012.1473 5542918.9644 5046791.7695 24383211.9064 382313110.9408
290015.4748 5518997.3812 5022479.0223 24379837.7173 382313297.3807
290018.7758 5495208.3613 4998307.1638 24376490.3939 382313482.3063
290022.0506 5471551.0152 4974275.2268 24373169.6917 382313665.7320
290025.2993 5448024.4604 4950382.2515 24369875.3686 382313847.6718
290028.5223 5424627.8214 4926627.2859 24366607.1852 382314028.1395
290031.7197 5401360.2295 4903009.3856 24363364.9042 382314207.1490
290034.8918 5378220.8224 4879527.6131 24360148.2910 382314384.7139
290038.0388 5355208.7450 4856181.0388 24356957.1132 382314560.8476
290041.1610 5332323.1487 4832968.7405 24353791.1409 382314735.5635
290044.2585 5309563.1918 4809889.8035 24350650.1466 382314908.8748
290047.3316 5286928.0390 4786943.3200 24347533.9049 382315080.7945
290050.3805 5264416.8608 4764128.3889 24344442.1928 382315251.3356
290053.4055 5242028.8351 4741444.1169 24341374.7897 382315420.5108
290056.4067 5219763.1456 4718889.6174 24338331.4768 382315588.3327
290059.3843 5197618.9824 4696464.0108 24335312.0380 382315754.8139
290062.3386 5175595.5422 4674166.4245 24332316.2591 382315919.9668
290065.2698 5153692.0277 4651995.9929 24329343.9282 382316083.8035
290068.1781 5131907.6475 4629951.8566 24326394.8354 382316246.3362
290071.0636 5110241.6166 4608033.1633 24323468.7731 382316407.5770
290073.9267 5088693.1557 4586239.0672 24320565.5355 382316567.5376
290076.7674 5067261.4922 4564568.7296 24317684.9191 382316726.2297
290079.5860 5045945.8585 4543021.3175 24314826.7224 382316883.6651
290082.3827 5024745.4938 4521596.0052 24311990.7459 382317039.8553
290085.1577 5003659.6426 4500291.9730 24309176.7922 382317194.8114
290087.9112 4982687.5552 4479108.4075 24306384.6655 382317348.5450
290090.6433 4961828.4878 4458044.5019 24303614.1724 382317501.0670
290093.3543 4941081.7021 4437099.4555 24300865.1213 382317652.3885
290096.0443 4920446.4658 4416272.4738 24298137.3223 382317802.5204
290098.7136 4899922.0519 4395562.7684 24295430.5877 382317951.4736
290101.3622 4879507.7387 4374969.5571 24292744.7314 382318099.2586
290103.9905 4859202.8106 4354492.0638 24290079.5693 382318245.8861
290106.5985 4839006.5570 4334129.5181 24287434.9191 382318391.3666
290109.1864 4818918.2726 4313881.1557 24284810.6003 382318535.7103
290111.7545 4798937.2575 4293746.2180 24282206.4341 382318678.9276
290114.3029 4779062.8176 4273723.9526 24279622.2436 382318821.0286
290116.8318 4759294.2634 4253813.6128 24277057.8536 382318962.0233
290119.3413 4739630.9111 4234014.4573 24274513.0906 382319101.9217
211278.5647 5994799.4726 24014065.7443 382333311.6343
290378.7110 2196394.8759 5970923.0381 24011498.5305 382333450.9808
.7224 21238242.4747 382473860.4532
293115.3814 6305555.0706 774405.9574 21235630.2380 382473983.0774
5660.2118 382563430.6443
295108.8895 6383721.8766 -1251607.9175 19212856.1190 382563547.2963
295111.6342 6355444.9324 -1262271.4894 19210070.7584 382563663.1485
295114.3606 6327287.1335 -1272850.1482 19207303.9736 382563778.2078
295117.0688 6299247.7818 -1283344.4843 19204555.6098 382563892.4810
295119.7591 6271326.1846 -1293755.0834 19201825.5134 382564005.9749
295122.4314 6243521.6533 -1304082.5268 19199113.5325 382564118.6963
295125.0861 6215833.5043 -1314327.3908 19196419.5164 382564230.6517
1 -3397584.8679 16824600.9030 382655387.4896
297464.9373 5757943.7692 -3404160.1719 16821527.2901 382655495.9585
297467.9472 5725922.9134 -3410655.3588 16818471.8700 382655603.7608
297470.9394 5694021.9314 -3417070.9543 16815434.4925 382655710.9020
297473.9139 5662240.1248 -3423407.4795 16812415.0092 382655817.3879
297476.8709 5630576.8009 -3429665.4509 16809413.2727 382655923.2241
297479.8106 5599031.2710 -3435845.3806 16806429.1371 382656028.4162
297482.7331 5567602.8511 -3441947.7765 16803462.4580 382656132.9696
297485.6385 5536290.8617 -3447973.1420 16800513.0921 382656236.8899
297488.5270 5505094.6280 -3453921.9761 16797580.8974 382656340.1823
297491.3988 5474013.4793 -3459794.7737 16794665.7335 382656442.8524
297494.2539 5443046.7496 -3465592.0252 16791767.4608 382656544.9053
297497.0925 5412193.7774 -3471314.2170 16788885.9415 382656646.3464
297499.9147 5381453.9051 -3476961.8313 16786021.0385 382656747.1807
297502.7207 5350826.4797 -3482535.3460 16783172.6165 382656847.4136
297505.5106 5320310.8523 -3488035.2352 16780340.5410 382656947.0500
