10.0000 218556425.3234 260468150.7045 283403162.4436 259707461.6829
144.8584 218643065.9381 260578043.8592 283310932.8381 259808070.9311
639.8988 218960945.5053 260981027.9256 282972064.9523 260177104.7371
1584.7233 219566957.9554 261748356.0863 282323957.7308 260880193.5073
2878.9732 220395718.0276 262795651.0043 281433290.0497 261840653.5166
4373.6910 221351050.3007 263999709.1485 280400549.6708 262946050.3429
5952.3758 222358223.0729 265265103.0010 279305021.0446 264109067.3318
7542.1569 223370894.7442 266532892.7409 278196855.8966 265275591.2670
9102.1286 224363377.0848 267770613.0297 277104673.4390 266415669.0216
10610.9122 225322508.1527 268961819.2391 276043827.6753 267514008.8984
12058.2222 226242179.5971 270099065.9750 275022061.0018 268563582.5650
13439.9029 227120134.2950 271179806.5231 274042855.2165 269561879.4552
14755.1611 227956192.0875 272204124.7112 273107312.7153 270508829.6922
16005.0476 228751283.5411 273173501.3706 272215196.7539 271405671.1033
17191.6194 229506922.2482 274090141.3488 271365510.8142 272254328.7749
18317.4689 230224912.3331 274956600.8210 270556828.3703 273057069.7684
19385.4517 230907182.8687 275775576.5660 269787486.4911 273816306.6061
20398.5256 231555692.0406 276549784.2998 269055703.5455 274534482.8153
21359.6518 232172370.7572 277281887.4381 268359653.1431 275214005.1271
22271.7340 232759089.3502 277974455.4365 267697511.7621 275857203.1798
23137.5807 233317638.2982 278629940.1177 267067489.8262 276466306.0597
23959.8825 233849717.7660 279250663.3184 266467851.9075 277043429.5189
24741.1992 234356932.8274 279838811.8207 265896929.5408 277590570.1281
25483.9541 234840792.4131 280396437.0443 265353128.8830 278109604.0117
26190.4320 235302710.7049 280925457.8370 264834934.7296 278602288.6050
26862.7815 235744010.1136 281427665.2507 264340911.9438 279070266.3826
27503.0184 236165925.2531 281904728.5346 263869705.0529 279515069.8292
28113.0312 236569607.4899 282358201.8064 263420036.5747 279938127.1338
28694.5871 236956129.7875 282789531.0353 262990704.4741 280340768.2547
29249.3385 237326491.6372 283200061.0740 262580579.0593 280724231.0973
29778.8295 237681623.9421 283591042.5681 262188599.5366 281089667.6366
30284.5030 238022393.7585 283963638.6256 261813770.3898 281438149.8634
30767.7070 238349608.8360 284318931.1728 261455157.7018 281770675.4804
31229.7010 238664021.9224 284657926.9585 261111885.5008 282088173.3054
31671.6621 238966334.8117 284981563.1829 260783132.1929 282391508.3534
32094.6905 239257202.1293 285290712.7471 260468127.1199 282681486.5902
32499.8152 239537234.8563 285586189.1291 260166147.2679 282958859.3589
32887.9989 239807003.5957 285868750.8958 259876514.1454 283224327.4841
33260.1425 240067041.5984 286139105.8745 259598590.8313 283478545.0742
33617.0900 240317847.5568 286397914.9978 259331779.1998 283722123.0317
33959.6320 240559888.1794 286645795.8433 259075517.3211 283955632.2889
34288.5099 240793600.5654 286883325.8928 258829277.0283 284179606.7924
34604.4194 241019394.3857 287111045.5244 258592561.6521 284394546.2453
34908.0131 241237653.8951 287329460.7678 258364903.9051 284600918.6353
35199.9045 241448739.7810 287539045.8340 258145863.9158 284799162.5582
35480.6698 241652990.8636 287740245.4403 257935027.4007 284989689.3552
35750.8513 241850725.6609 287933476.9472 257732003.9656 285172885.0792
36010.9590 242042243.8283 288119132.3237 257536425.5282 285349112.3037
36261.4734 242227827.4858 288297579.9560 257347944.8515 285518711.7896
36502.8471 242407742.4365 288469166.3085 257166234.1861 285682004.0164
36735.5068 242582239.2938 288634217.4578 256990984.0047 285839290.5969
36959.8553 242751554.5163 288793040.5010 256821901.8315 285990855.5773
37176.2724 242915911.3641 288945924.8556 256658711.1531 286136966.6373
37385.1173 243075520.7850 289093143.4619 256501150.4038 286277876.2009
37586.7292 243230582.2236 289234953.8844 256348972.0309 286413822.4536
37781.4289 243381284.3815 289371599.3388 256201941.6148 286545030.2932
37969.5200 243527805.9102 289503309.6342 256059837.0593 286671712.1999
38151.2899 243670316.0567 289630302.0462 255922447.8353 286794069.0445
38327.0108 243808975.2607 289752782.1257 255789574.2767 286912290.8368
38496.9407 243943935.7076 289870944.4468 255661026.9257 287026557.4180
38661.3242 244075341.8411 289984973.3001 255536625.9220 287137039.1026
38820.3936 244203330.8422 290095043.3386 255416200.4321 287243897.2762
38974.3690 244328033.0697 290201320.1727 255299588.1196 287347284.9471
39123.4599 244449572.4709 290303960.9248 255186634.6499 287447347.2597
39267.8650 244568066.9650 290403114.7448 255077193.2280 287544221.9730
39407.7734 244683628.7980 290498923.2898 254971124.1663 287638039.9037
39543.3648 244796364.8763 290591521.1708 254868294.4790 287728925.3421
39674.8105 244906377.0734 290681036.3668 254768577.5076 287816996.4345
39802.2731 245013762.5189 290767590.6129 254671852.5649 287902365.5439
39925.9080 245118613.8675 290851299.7611 254578004.6063 287985139.5841
40045.8629 245221019.5492 290932274.1165 254486923.9193 288065420.3321
40162.2787 245321064.0043 291010618.7529 254398505.8335 288143304.7198
40275.2899 245418827.9033 291086433.8061 254312650.4483 288218885.1072
40385.0246 245514388.3521 291159814.7497 254229262.3768 288292249.5375
40491.6053 245607819.0850 291230852.6523 254148250.5064 288363481.9759
40595.1489 245699190.6456 291299634.4188 254069527.7724 288432662.5338
40695.7669 245788570.5516 291366243.0132 253993010.9507 288499867.6749
40793.5661 245876023.4557 291430757.6716 253918620.4559 288565170.4133
40888.6485 245961611.2963 291493254.1021 253846280.1537 288628640.4989
40981.1116 246045393.4335 291553804.6680 253775917.1870 288690344.5874
41071.0488 246127426.7840 291612478.5654 253707461.8078 288750346.4051
41158.5494 246207765.9412 291669341.9846 253640847.2236 288808706.8985
41243.6989 246286463.2930 291724458.2661 253576009.4492 288865484.3793
41326.5792 246363569.1309 291777888.0447 253512887.1680 288920734.6584
41407.2688 246439131.7512 291829689.3860 253451421.6024 288974511.1714
41485.8429 246513197.5548 291879917.9157 253391556.3887 289026865.1003
41562.3736 246585811.1374 291928626.9408 253333237.4610 289077845.4846
41636.9301 246657015.3773 291975867.5638 253276412.9400 289127499.3282
41709.5788 246726851.5128 292021688.7886 253221033.0327 289175871.6969
41780.3832 246795359.2237 292066137.6241 253167049.9297 289223005.8154
41849.4045 246862576.6996 292109259.1781 253114417.7160 289268943.1534
41916.7015 246928540.7128 292151096.7498 253063092.2799 289313723.5123
41982.3305 246993286.6818 292191691.9145 253013031.2302 289357385.1039
42046.3456 247056848.7286 292231084.6022 252964193.8211 289399964.6222
42108.7990 247119259.7447 292269313.1783 252916540.8713 289441497.3195
42169.7407 247180551.4399 292306414.5125 252870034.6974 289482017.0701
42229.2188 247240754.3947 292342424.0469 252824639.0478 289521556.4326
42287.2797 247299898.1139 292377375.8637 252780319.0346 289560146.7139
42343.9679 247358011.0710 292411302.7449 252737041.0757 289597818.0239
42399.3263 247415120.7496 292444236.2285 252694772.8398 289634599.3277
42453.3962 247471253.6947 292476206.6690 252653483.1848 289670518.5024
42506.2173 247526435.5414 292507243.2832 252613142.1150 289705602.3782
42557.8280 247580691.0609 292537374.2042 252573720.7257 289739876.7898
42608.2651 247634044.1935 292566626.5267 252535191.1588 289773366.6181
42657.5642 247686518.0869 292595026.3541 252497526.5558 289806095.8336
42705.7597 247738135.1220 292622598.8365 252460701.0203 289838087.5319
42752.8844 247788916.9518 292649368.2162 252424689.5725 289869363.9759
42798.9705 247838884.5239 292675357.8616 252389468.1156 289899946.6270
42844.0485 247888058.1105 292700590.3049 252355013.3980 289929856.1798
42888.1481 247936457.3396 292725087.2789 252321302.9762 289959112.5973
42931.2981 247984101.2199 292748869.7500 252288315.1813 289987735.1411
42973.5260 248031008.1621 292771957.9474 252256029.0904 290015742.3980
43014.8586 248077196.0002 292794371.3928 252224424.4973 290043152.3077
43055.3216 248122682.0176 292816128.9306 252193481.8816 290069982.1905
43094.9399 248167482.9707 292837248.7558 252163182.3793 290096248.7748
43133.7377 248211615.1017 292857748.4372 252133507.7616 290121968.2163
43171.7381 248255094.1625 292877644.9437 252104440.4076 290147156.1238
43208.9637 248297935.4327 292896954.6677 252075963.2799 290171827.5807
43245.4361 248340153.7402 292915693.4494 252048059.9004 290195997.1675
43281.1765 248381763.4734 292933876.5954 252020714.3315 290219678.9792
43316.2051 248422778.5967 292951518.8996 251993911.1556 290242886.6442
43350.5416 248463212.6745 292968634.6665 251967635.4499 290265633.3468
43384.2050 248503078.8741 292985237.7239 251941872.7748 290287931.8379
43417.2138 248542389.9856 293001341.4447 251916609.1524 290309794.4554
43449.5857 248581158.4373 293016958.7634 251891831.0473 290331233.1407
43481.3382 248619396.3035 293032102.1912 251867525.3535 290352259.4511
43512.4878 248657115.3253 293046783.8348 251843679.3734 290372884.5786
43543.0508 248694326.9102 293061015.4061 251820280.8101 290393119.3576
43573.0428 248731042.1590 293074808.2430 251797317.7427 290412974.2864
43602.4791 248767271.8581 293088173.3157 251774778.6246 290432459.5296
43631.3744 248803026.5060 293101121.2460 251752652.2595 290451584.9391
43659.7430 248838316.3169 293113662.3175 251730927.7928 290470360.0625
43687.5987 248873151.2321 293125806.4878 251709594.6982 290488794.1546
43714.9549 248907540.9221 293137563.3979 251688642.7701 290506896.1851
43741.8248 248941494.8068 293148942.3873 251668062.1055 290524674.8544
43768.2208 248975022.0564 293159952.5016 251647843.0975 290542138.5991
43794.1553 249008131.6005 293170602.5030 251627976.4248 290559295.6026
43819.6401 249040832.1378 293180900.8809 251608453.0398 290576153.8048
43844.6869 249073132.1418 293190855.8604 251589264.1607 290592720.9095
43869.3067 249105039.8705 293200475.4120 251570401.2606 290609004.3946
43893.5105 249136563.3774 293209767.2615 251551856.0562 290625011.5216
43917.3089 249167710.5018 293218738.8931 251533620.5089 290640749.3351
43940.7120 249198488.8929 293227397.5629 251515686.8064 290656224.6795
43963.7300 249228906.0104 293235750.3045 251498047.3580 290671444.2024
43986.3724 249258969.1280 293243803.9356 251480694.7882 290686414.3611
44008.6486 249288685.3395 293251565.0654 251463621.9298 290701141.4286
44030.5679 249318061.5701 293259040.1024 251446821.8131 290715631.5031
44052.1391 249347104.5678 293266235.2578 251430287.6671 290729890.5071
44073.3708 249375820.9252 293273156.5554 251414012.9037 290743924.2014
44094.2715 249404217.0716 293279809.8348 251397991.1187 290757738.1844
44114.8493 249432299.2917 293286200.7604 251382216.0779 290771337.9044
44135.1122 249460073.7133 293292334.8227 251366681.7209 290784728.6562
44155.0680 249487546.3222 293298217.3462 251351382.1491 290797915.5917
44174.7241 249514722.9681 293303853.4950 251336311.6204 290810903.7248
44194.0879 249541609.3632 293309248.2761 251321464.5461 290823697.9343
44213.1665 249568211.0865 293314406.5447 251306835.4863 290836302.9675
44231.9668 249594533.5884 293319333.0083 251292419.1446 290848723.4455
44250.4957 249620582.1967 293324032.2322 251278210.3618 290860963.8685
44268.7597 249646362.1174 293328508.6427 251264204.1133 290873028.6180
44286.7652 249671878.4440 293332766.5324 251250395.5019 290884921.9637
44304.5185 249697136.1477 293336810.0617 251236779.7596 290896648.0610
44322.0257 249722140.0933 293340643.2647 251223352.2381 290908210.9607
44339.2927 249746895.0366 293344270.0523 251210108.4069 290919614.6094
44356.3253 249771405.6294 293347694.2154 251197043.8491 290930862.8542
44373.1292 249795676.4213 293350919.4284 251184154.2581 290941959.4449
44389.7097 249819711.8639 293353949.2526 251171435.4335 290952908.0385
44406.0724 249843516.3086 293356787.1386 251158883.2799 290963712.1992
44422.2224 249867094.0145 293359436.4301 251146493.8014 290974375.4041
44438.1649 249890449.1539 293361900.3671 251134263.0967 290984901.0473
44453.9048 249913585.8014 293364182.0871 251122187.3625 290995292.4366
44469.4469 249936507.9497 293366284.6294 251110262.8845 291005552.8020
44484.7961 249959219.5065 293368210.9367 251098486.0364 291015685.2960
44499.9570 249981724.2998 293369963.8586 251086853.2761 291025692.9976
44514.9341 250004026.0698 293371546.1526 251075361.1480 291035578.9096
44529.7318 250026128.4846 293372960.4875 251064006.2736 291045345.9674
44544.3544 250048035.1292 293374209.4453 251052785.3556 291054997.0352
44558.8062 250069749.5168 293375295.5233 251041695.1706 291064534.9125
44573.0913 250091275.0849 293376221.1364 251030732.5695 291073962.3337
44587.2136 250112615.2075 293376988.6192 251019894.4702 291083281.9741
44601.1772 250133773.1842 293377600.2277 251009177.8621 291092496.4472
44614.9859 250154752.2458 293378058.1410 250998579.8010 291101608.3075
44628.6435 250175555.5547 293378364.4635 250988097.4087 291110620.0523
44642.1536 250196186.2076 293378521.2266 250977727.8699 291119534.1238
44655.5199 250216647.2390 293378530.3902 250967468.4290 291128352.9115
44668.7458 250236941.6252 293378393.8447 250957316.3876 291137078.7556
44681.8348 250257072.2752 293378113.4122 250947269.1073 291145713.9429
44694.7904 250277042.0358 293377690.8484 250937324.0065 291154260.7116
44707.6157 250296853.7003 293377127.8438 250927478.5547 291162721.2542
44720.3141 250316510.0022 293376426.0255 250917730.2745 291171097.7174
44732.8887 250336013.6184 293375586.9583 250908076.7396 291179392.2031
44745.3427 250355367.1671 293374612.1462 250898515.5740 291187606.7690
44757.6790 250374573.2148 293373503.0340 250889044.4483 291195743.4325
44769.9006 250393634.2732 293372261.0079 250879661.0797 291203804.1699
44782.0105 250412552.7952 293370887.3981 250870363.2334 291211790.9158
44794.0116 250431331.1872 293369383.4785 250861148.7155 291219705.5689
44805.9066 250449971.8059 293367750.4686 250852015.3740 291227549.9915
44817.6983 250468476.9464 293365989.5357 250842961.1030 291235326.0056
44829.3894 250486848.8592 293364101.7945 250833983.8344 291243035.4001
44840.9826 250505089.7462 293362088.3088 250825081.5385 291250679.9305
44852.4804 250523201.7602 293359950.0929 250816252.2236 291258261.3189
44863.8855 250541187.0035 293357688.1124 250807493.9359 291265781.2546
44875.2002 250559047.5286 293355303.2860 250798804.7583 291273241.3948
44886.4271 250576785.3422 293352796.4855 250790182.8079 291280643.3668
44897.5686 250594402.4009 293350168.5382 250781626.2369 291287988.7673
44908.6270 250611900.6094 293347420.2278 250773133.2335 291295279.1617
44919.6047 250629281.8333 293344552.2939 250764702.0141 291302516.0906
44930.5040 250646547.8864 293341565.4351 250756330.8295 291309701.0648
44941.3271 250663700.5376 293338460.3089 250748017.9604 291316835.5690
44952.0762 250680741.5080 293335237.5334 250739761.7183 291323921.0609
44962.7534 250697672.4669 293331897.6891 250731560.4472 291330958.9703
44973.3610 250714495.0475 293328441.3174 250723412.5144 291337950.7060
44983.9009 250731210.8268 293324868.9255 250715316.3208 291344897.6482
44994.3753 250747821.3457 293321180.9830 250707270.2897 291351801.1572
45004.7862 250764328.0848 293317377.9291 250699272.8782 291358662.5640
45015.1355 250780732.4856 293313460.1684 250691322.5665 291365483.1796
45025.4251 250797035.9407 293309428.0752 250683417.8622 291372264.2909
45035.6571 250813239.7960 293305281.9932 250675557.2982 291379007.1628
45045.8333 250829345.3498 293301022.2377 250667739.4333 291385713.0379
45055.9554 250845353.8532 293296649.0966 250659962.8510 291392383.1372
45066.0255 250861266.5100 293292162.8317 250652226.1595 291399018.6602
45076.0451 250877084.4787 293287563.6792 250644527.9899 291405620.7865
45086.0162 250892808.8657 293282851.8536 250636866.9993 291412190.6729
45095.9403 250908440.7327 293278027.5463 250629241.8668 291418729.4573
45105.8192 250923981.0890 293273090.9299 250621651.2971 291425238.2555
45115.6546 250939430.8966 293268042.1576 250614094.0172 291431718.1637
45125.4481 250954791.0710 293262881.3650 250606568.7760 291438170.2590
45135.2012 250970062.4762 293257608.6728 250599074.3463 291444595.5980
45144.9157 250985245.9288 293252224.1870 250591609.5229 291450995.2180
45154.5929 251000342.1948 293246728.0021 250584173.1234 291457370.1367
45164.2344 251015351.9908 293241120.2019 250576763.9878 291463721.3522
45173.8417 251030275.9853 293235400.8608 250569380.9776 291470049.8442
45183.4162 251045114.8009 293229570.0448 250562022.9745 291476356.5745
45192.9594 251059869.0036 293223627.8173 250554688.8856 291482642.4831
45202.4727 251074539.1187 293217574.2347 250547377.6356 291488908.4949
45211.9575 251089125.6168 293211409.3537 250540088.1734 291495155.5136
45221.4150 251103628.9248 293205133.2290 250532819.4672 291501384.4263
45230.8467 251118049.4200 293198745.9174 250525570.5068 291507596.1015
45240.2537 251132387.4342 293192247.4778 250518340.3019 291513791.3900
45249.6374 251146643.2543 293185637.9733 250511127.8822 291519971.1259
45258.9990 251160817.1193 293178917.4741 250503932.2985 291526136.1246
45268.3396 251174909.2243 293172086.0578 250496752.6214 291532287.1847
45277.6606 251188919.7206 293165143.8114 250489587.9409 291538425.0877
45286.9630 251202848.7192 293158090.8315 250482437.3655 291544550.5993
45296.2481 251216696.2908 293150927.2264 250475300.0219 291550664.4695
45305.5168 251230462.4639 293143653.1184 250468175.0565 291556767.4309
45314.7703 251244147.2330 293136268.6425 250461061.6317 291562860.2027
45324.0097 251257750.5554 293128773.9489 250453958.9275 291568943.4886
45333.2359 251271272.3560 293121169.2030 250446866.1400 291575017.9785
45342.4501 251284712.5290 293113454.5860 250439782.4801 291581084.3496
45351.6533 251298070.9374 293105630.2965 250432707.1748 291587143.2648
45360.8464 251311347.4193 293097696.5491 250425639.4641 291593195.3760
45370.0303 251324541.7823 293089653.5791 250418578.6044 291599241.3209
45379.2062 251337653.8192 293081501.6347 250411523.8607 291605281.7298
45388.3748 251350683.3016 293073240.9815 250404474.5102 291611317.2223
45397.5371 251363629.9849 293064871.9018 250397429.8404 291617348.4090
45406.6941 251376493.6086 293056394.6945 250390389.1489 291623375.8918
45415.8466 251389273.9044 293047809.6713 250383351.7398 291629400.2669
45424.9955 251401970.5911 293039117.1610 250376316.9269 291635422.1224
45434.1418 251414583.3835 293030317.5044 250369284.0289 291641442.0415
45443.2863 251427111.9981 293021411.0504 250362252.3665 291647460.6060
45452.4298 251439556.1444 293012398.1626 250355221.2681 291653478.3909
45461.5733 251451915.5425 293003279.2074 250348190.0594 291659495.9732
45470.7176 251464189.9111 292994054.5622 250341158.0711 291665513.9258
45479.8636 251476378.9774 292984724.6090 250334124.6332 291671532.8221
45489.0122 251488482.4856 292975289.7260 250327089.0697 291677553.2401
45498.1642 251500500.1844 292965750.2984 250320050.7069 291683575.7562
45507.3206 251512431.8430 292956106.7043 250313008.8631 291689600.9533
45516.4822 251524277.2407 292946359.3225 250305962.8553 291695629.4152
45525.6499 251536036.1821 292936508.5194 250298911.9896 291701661.7352
45534.8246 251547708.4836 292926554.6585 250291855.5694 291707698.5085
45544.0073 251559293.9905 292916498.0857 250284792.8850 291713740.3416
45553.1989 251570792.5654 292906339.1365 250277723.2195 291719787.8470
45562.4003 251582204.0922 292896078.1323 250270645.8469 291725841.6447
45571.6125 251593528.4841 292885715.3709 250263560.0261 291731902.3677
45580.8364 251604765.6743 292875251.1331 250256465.0063 291737970.6569
45590.0731 251615915.6245 292864685.6733 250249360.0213 291744047.1667
45599.3236 251626978.3194 292854019.2224 250242244.2919 291750132.5619
45608.5889 251637953.7658 292843251.9864 250235117.0260 291756227.5188
45617.8701 251648842.0009 292832384.1364 250227977.4123 291762332.7295
45627.1681 251659643.0824 292821415.8163 250220824.6261 291768448.8975
45636.4842 251670357.0916 292810347.1366 250213657.8262 291774576.7407
45645.8195 251680984.1305 292799178.1762 250206476.1559 291780716.9893
45655.1750 251691524.3266 292787908.9739 250199278.7389 291786870.3910
45664.5519 251701977.8236 292776539.5367 250192064.6844 291793037.7051
45673.9514 251712344.7920 292765069.8254 250184833.0790 291799219.7102
45683.3748 251722625.4146 292753499.7677 250177582.9951 291805417.1971
45692.8232 251732819.8951 292741829.2472 250170313.4844 291811630.9739
45702.2978 251742928.4531 292730058.1053 250163023.5796 291817861.8648
45711.8001 251752951.3235 292718186.1403 250155712.2942 291824110.7105
45721.3313 251762888.7540 292706213.1074 250148378.6224 291830378.3674
45730.8927 251772740.9970 292694138.7260 250141021.5442 291836665.7045
45740.4856 251782508.3229 292681962.6618 250133640.0145 291842973.6118
45750.1115 251792191.0054 292669684.5420 250126232.9725 291849302.9924
45759.7717 251801789.3290 292657303.9438 250118799.3345 291855654.7689
45769.4678 251811303.5808 292644820.4021 250111337.9995 291862029.8785
45779.2010 251820734.0548 292632233.4022 250103847.8439 291868429.2775
45788.9730 251830081.0434 292619542.3884 250096327.7270 291874853.9365
45798.7852 251839344.8409 292606746.7572 250088776.4871 291881304.8438
45808.6391 251848525.7425 292593845.8568 250081192.9409 291887783.0060
45818.5364 251857624.0393 292580838.9918 250073575.8861 291894289.4459
45828.4786 251866640.0174 292567725.4220 250065924.1006 291900825.2025
45838.4673 251875573.9574 292554504.3618 250058236.3422 291907391.3321
45848.5041 251884426.1352 292541174.9775 250050511.3464 291913988.9097
45858.5908 251893196.8192 292527736.3877 250042747.8268 291920619.0287
45868.7290 251901886.2645 292514187.6719 250034944.4795 291927282.7973
45878.9204 251910494.7181 292500527.8606 250027099.9771 291933981.3432
45889.1668 251919022.4168 292486755.9357 250019212.9690 291940715.8139
45899.4699 251927469.5812 292472870.8390 250011282.0857 291947487.3728
45909.8316 251935836.4198 292458871.4639 250003305.9332 291954297.2037
45920.2537 251944123.1222 292444756.6645 249995283.0989 291961146.5060
45930.7381 251952329.8683 292430525.2391 249987212.1409 291968036.5041
45941.2867 251960456.8151 292416175.9501 249979091.5991 291974968.4372
45951.9013 251968504.1029 292401707.5128 249970919.9886 291981943.5656
45962.5839 251976471.8538 292387118.5947 249962695.7991 291988963.1711
45973.3366 251984360.1677 292372407.8230 249954417.4978 291996028.5538
45984.1613 251992169.1272 292357573.7729 249946083.5231 292003141.0385
45995.0602 251999898.7889 292342614.9816 249937692.2921 292010301.9678
46006.0352 252007549.1881 292327529.9389 249929242.1938 292017512.7076
46017.0885 252015120.3360 292312317.0911 249920731.5922 292024774.6451
46028.2223 252022612.2214 292296974.8346 249912158.8207 292032089.1930
46039.4387 252030024.8057 292281501.5257 249903522.1884 292039457.7843
46050.7400 252037358.0266 292265895.4704 249894819.9727 292046881.8786
46062.1285 252044611.7942 292250154.9309 249886050.4234 292054362.9590
46073.6064 252051785.9912 292234278.1241 249877211.7602 292061902.5332
46085.1762 252058880.4717 292218263.2214 249868302.1731 292069502.1344
46096.8401 252065895.0624 292202108.3457 249859319.8192 292077163.3229
46108.6006 252072829.5598 292185811.5739 249850262.8241 292084887.6856
46120.4602 252079683.7309 292169370.9354 249841129.2800 292092676.8372
46132.4214 252086457.3117 292152784.4120 249831917.2456 292100532.4210
46144.4867 252093150.0084 292136049.9335 249822624.7421 292108456.1110
46156.6588 252099761.4929 292119165.3868 249813249.7585 292116449.6085
46168.9403 252106291.4072 292102128.6030 249803790.2433 292124514.6487
46181.3339 252112739.3581 292084937.3673 249794244.1094 292132652.9967
46193.8424 252119104.9191 292067589.4134 249784609.2301 292140866.4504
46206.4686 252125387.6294 292050082.4224 249774883.4384 292149156.8418
46219.2152 252131586.9922 292032414.0252 249765064.5266 292157526.0367
46232.0853 252137702.4758 292014581.7977 249755150.2440 292165975.9370
46245.0818 252143733.5111 291996583.2632 249745138.2965 292174508.4807
46258.2078 252149679.4923 291978415.8894 249735026.3449 292183125.6439
46271.4662 252155539.7749 291960077.0900 249724812.0047 292191829.4403
46284.8603 252161313.6758 291941564.2218 249714492.8434 292200621.9236
46298.3933 252167000.4711 291922874.5882 249704066.3822 292209505.1864
46312.0683 252172599.3979 291904005.4301 249693530.0898 292218481.3651
46325.8889 252178109.6524 291884953.9279 249682881.3826 292227552.6400
46339.8583 252183530.3889 291865717.2014 249672117.6238 292236721.2355
46353.9801 252188860.7177 291846292.3122 249661236.1240 292245989.4202
46368.2578 252194099.7056 291826676.2589 249650234.1373 292255359.5096
46382.6950 252199246.3751 291806865.9754 249639108.8597 292264833.8679
46397.2955 252204299.7044 291786858.3237 249627857.4240 292274414.9120
46412.0629 252209258.6233 291766650.1082 249616476.9070 292284105.1056
46427.0013 252214122.0146 291746238.0627 249604964.3208 292293906.9664
46442.1144 252218888.7131 291725618.8488 249593316.6110 292303823.0671
46457.4064 252223557.5038 291704789.0584 249581530.6575 292313856.0359
46472.8814 252228127.1208 291683745.2130 249569603.2724 292324008.5569
46488.5435 252232596.2467 291662483.7562 249557531.1950 292334283.3753
46504.3971 252236963.5113 291641001.0574 249545311.0927 292344683.2960
46520.4466 252241227.4903 291619293.4062 249532939.5566 292355211.1876
46536.6964 252245386.7037 291597357.0151 249520413.1017 292365869.9817
46553.1513 252249439.6151 291575188.0133 249507728.1624 292376662.6775
46569.8158 252253384.6299 291552782.4477 249494881.0916 292387592.3416
46586.6949 252257220.0941 291530136.2792 249481868.1576 292398662.1114
46603.7934 252260944.2930 291507245.3805 249468685.5409 292409875.1970
46621.1163 252264555.4496 291484105.5351 249455329.3327 292421234.8829
46638.6689 252268051.7227 291460712.4364 249441795.5329 292432744.5295
46656.4564 252271431.2059 291437061.6801 249428080.0443 292444407.5779
46674.4843 252274691.9256 291413148.7676 249414178.6728 292456227.5496
46692.7580 252277831.8392 291388969.1018 249400087.1235 292468208.0499
46711.2833 252280848.8336 291364517.9836 249385800.9974 292480352.7705
46730.0660 252283740.7233 291339790.6069 249371315.7865 292492665.4936
46749.1119 252286505.2483 291314782.0617 249356626.8738 292505150.0918
46768.4273 252289140.0722 291289487.3276 249341729.5283 292517810.5322
46788.0184 252291642.7805 291263901.2686 249326618.8996 292530650.8810
46807.8915 252294010.8778 291238018.6345 249311290.0171 292543675.3040
46828.0533 252296241.7858 291211834.0596 249295737.7873 292556888.0685
46848.5105 252298332.8414 291185342.0502 249279956.9847 292570293.5518
46869.2699 252300281.2939 291158536.9929 249263942.2539 292583896.2380
46890.3387 252302084.3027 291131413.1418 249247688.1010 292597700.7263
46911.7241 252303738.9350 291103964.6164 249231188.8891 292611711.7339
46933.4336 252305242.1623 291076185.4059 249214438.8395 292625934.0953
46955.4748 252306590.8588 291048069.3522 249197432.0187 292640372.7730
46977.8555 252307781.7974 291019610.1611 249180162.3428 292655032.8536
47000.5838 252308811.6477 290990801.3847 249162623.5648 292669919.5586
47023.6679 252309676.9723 290961636.4224 249144809.2720 292685038.2461
47047.1164 252310374.2238 290932108.5171 249126712.8818 292700394.4143
47070.9378 252310899.7417 290902210.7536 249108327.6374 292715993.7053
47095.1412 252311249.7483 290871936.0464 249089646.5979 292731841.9125
47119.7357 252311420.3461 290841277.1432 249070662.6376 292747944.9819
47144.7308 252311407.5130 290810226.6118 249051368.4347 292764309.0209
47170.1360 252311207.0995 290778776.8413 249031756.4691 292780940.2999
47195.9614 252310814.8239 290746920.0325 249011819.0131 292797845.2601
47222.2171 252310226.2685 290714648.1935 248991548.1258 292815030.5182
47248.9137 252309436.8754 290681953.1365 248970935.6471 292832502.8708
47276.0619 252308441.9414 290648826.4637 248949973.1856 292850269.3043
47303.6728 252307236.6142 290615259.5739 248928652.1194 292868336.9946
47331.7578 252305815.8869 290581243.6427 248906963.5793 292886713.3202
47360.3287 252304174.5932 290546769.6254 248884898.4471 292905405.8638
47389.3974 252302307.4023 290511828.2466 248862447.3448 292924422.4210
47418.9764 252300208.8130 290476409.9900 248839600.6237 292943771.0089
47449.0784 252297873.1489 290440505.0973 248816348.3600 292963459.8697
47479.7166 252295294.5511 290404103.5507 248792680.3384 292983497.4843
47510.9043 252292466.9737 290367195.0771 248768586.0505 293003892.5726
47542.6556 252289384.1765 290329769.1317 248744054.6792 293024654.1070
47574.9847 252286039.7183 290291814.8885 248719075.0878 293045791.3206
47607.9062 252282426.9504 290253321.2350 248693635.8110 293067313.7144
47641.4354 252278539.0090 290214276.7601 248667725.0420 293089231.0679
47675.5879 252274368.8085 290174669.7469 248641330.6219 293111553.4472
47710.3797 252269909.0325 290134488.1586 248614440.0250 293134291.2172
47745.8273 252265152.1270 290093719.6332 248587040.3489 293157455.0487
47781.9478 252260090.2910 290052351.4677 248559118.2981 293181055.9321
47818.7588 252254715.4681 290010370.6092 248530660.1718 293205105.1871
47856.2783 252249019.3372 289967763.6398 248501651.8465 293229614.4760
47894.5250 252242993.3032 289924516.7698 248472078.7653 293254595.8126
47933.5181 252236628.4868 289880615.8208 248441925.9188 293280061.5774
47973.2775 252229915.7137 289836046.2081 248411177.8260 293306024.5322
48013.8235 252222845.5047 289790792.9362 248379818.5234 293332497.8293
48055.1772 252215408.0637 289744840.5780 248347831.5427 293359495.0287
48097.3604 252207593.2664 289698173.2616 248315199.8938 293387030.1114
48140.3956 252199390.6476 289650774.6543 248281906.0446 293415117.4957
48184.3057 252190789.3885 289602627.9432 248247931.8994 293443772.0539
48229.1148 252181778.3021 289553715.8172 248213258.7759 293473009.1306
48274.8475 252172345.8216 289504020.4566 248177867.3897 293502844.5546
48321.5291 252162479.9839 289453523.5079 248141737.8254 293533294.6612
48369.1861 252152168.4152 289402206.0667 248104849.5148 293564376.3100
48417.8455 252141398.3148 289350048.6577 248067181.2116 293596106.9039
48467.5353 252130156.4371 289297031.2063 248028710.9605 293628504.4140
48518.2845 252118429.0763 289243133.0264 247989416.0760 293661587.3950
48570.1231 252106202.0467 289188332.7917 247949273.1102 293695375.0112
48623.0819 252093460.6643 289132608.5133 247908257.8240 293729887.0582
48677.1928 252080189.7261 289075937.5127 247866345.1542 293765143.9887
48732.4890 252066373.4892 289018296.3937 247823509.1795 293801166.9385
48789.0046 252051995.6499 288959661.0199 247779723.0902 293837977.7502
48846.7749 252037039.3186 288900006.4778 247734959.1456 293875599.0057
48905.8365 252021486.9981 288839307.0538 247689188.6422 293914054.0509
48966.2272 252005320.5565 288777536.1971 247642381.8702 293953367.0288
49027.9861 251988521.2016 288714666.4891 247594508.0739 293993562.9101
49091.1538 251971069.4534 288650669.6076 247545535.4077 294034667.5266
49155.7721 251952945.1148 288585516.2920 247495430.8915 294076707.6050
49221.8845 251934127.2405 288519176.3012 247444160.3611 294119710.8054
49289.5360 251914594.1059 288451618.3769 247391688.4195 294163705.7576
49358.7731 251894323.1713 288382810.1949 247337978.3805 294208722.1044
49429.6442 251873291.0495 288312718.3291 247282992.2190 294254790.5385
49502.1992 251851473.4663 288241308.1997 247226690.5097 294301942.8495
49576.4900 251828845.2232 288168544.0267 247169032.3676 294350211.9682
49652.5704 251805380.1553 288094388.7782 247109975.3840 294399632.0149
49730.4962 251781051.0878 288018804.1140 247049475.5570 294450238.3514
49810.3251 251755829.7919 287941750.3333 246987487.2251 294502067.6308
49892.1172 251729686.9358 287863186.3110 246923962.9887 294555157.8558
49975.9348 251702592.0349 287783069.4374 246858853.6348 294609548.4350
50061.8425 251674513.4000 287701355.5555 246792108.0567 294665280.2419
50149.9074 251645418.0782 287617998.8816 246723673.1599 294722395.6856
50240.1992 251615271.7969 287532951.9414 246653493.7779 294780938.7721
50332.7904 251584038.9014 287446165.4917 246581512.5759 294840955.1751
50427.7562 251551682.2886 287357588.4364 246507669.9466 294902492.3129
50525.1747 251518163.3385 287267167.7428 246431903.9058 294965599.4248
50625.1272 251483441.8408 287174848.3511 246354149.9788 295030327.6535
50727.6984 251447475.9187 287080573.0801 246274341.0839 295096730.1302
50832.9760 251410221.9483 286984282.5290 246192407.4075 295164862.0645
50941.0515 251371634.4700 286885914.9653 246108276.2684 295234780.8437
51052.0202 251331666.1018 286785406.2223 246021871.9854 295306546.1262
51165.9811 251290267.4377 286682689.5682 245933115.7196 295380219.9570
51283.0374 251247386.9509 286577695.5929 245841925.3286 295455866.8699
51403.2966 251202970.8847 286470352.0717 245748215.1984 295533554.0080
51526.8705 251156963.1390 286360583.8272 245651896.0715 295613351.2454
51653.8759 251109305.1463 286248312.5733 245552874.8544 295695331.3243
51784.4344 251059935.7485 286133456.7707 245451054.4347 295779569.9821
51918.6729 251008791.0583 286015931.4530 245346333.4666 295866146.1029
52056.7236 250955804.3164 285895648.0543 245238606.1561 295955141.8671
52198.7246 250900905.7353 285772514.2150 245127762.0217 296046642.9181
52344.8200 250844022.3434 285646433.5988 245013685.6624 296140738.5217
52495.1602 250785077.8079 285517305.6711 244896256.4864 296237521.7541
52649.9023 250723992.2520 285385025.4787 244775348.4366 296337089.6892
52809.2105 250660682.0600 285249483.4112 244650829.6956 296439543.6008
52973.2563 250595059.6709 285110564.9533 244522562.3768 296544989.1710
53142.2190 250527033.3572 284968150.4145 244390402.1908 296653536.7157
53316.2864 250456506.9877 284822114.6408 244254198.0900 296765301.4242
53495.6544 250383379.7794 284672326.7161 244113791.8968 296880403.6059
53680.5287 250307546.0293 284518649.6378 243969017.9038 296998968.9560
53871.1240 250228894.8293 284360939.9712 243819702.4476 297121128.8373
54067.6656 250147309.7610 284199047.4814 243665663.4547 297247020.5769
54270.3895 250062668.5721 284032814.7435 243506709.9607 297376787.7801
54479.5427 249974842.8286 283862076.7236 243342641.5946 297510580.6634
54695.3846 249883697.5440 283686660.3324 243173248.0305 297648556.4069
54918.1871 249789090.7789 283506383.9422 242998308.3953 297790879.5330
55148.2353 249690873.2221 283321056.8873 242817590.6536 297937722.2941
55385.8288 249588887.7315 283130478.9113 242630850.9321 298089265.0974
55631.2821 249482968.8451 282934439.5793 242437832.8020 298245696.9539
55884.9253 249372942.2637 282732717.6627 242238266.5245 298407215.9416
56147.1057 249258624.2889 282525080.4664 242031868.2313 298574029.7076
56418.1882 249139821.2171 282311283.1010 241818339.0412 298746356.0071
56698.5567 249016328.7011 282091067.7274 241597364.1379 298924423.2535
56988.6151 248887931.0522 281864162.7215 241368611.7589 299108471.1220
57288.7885 248754400.4966 281630281.7906 241131732.1249 299298751.1790
57599.5248 248615496.3733 281389123.0202 240886356.2879 299495527.5527
57921.2954 248470964.2758 281140367.8565 240632094.9040 299699077.6377
58254.5977 248320535.1213 280883680.0022 240368536.9048 299909692.8509
58599.9557 248163924.1555 280618704.2397 240095248.0849 300127679.4224
58957.9224 248000829.8733 280345065.1544 239811769.5742 300353359.2416
59329.0813 247830932.8681 280062365.7796 239517616.2182 300587070.7367
59714.0483 247653894.5767 279770186.1155 239212274.8169 300829169.8221
60113.4740 247469355.9399 279468081.5564 238895202.2561 301080030.8813
60528.0457 247276935.9520 279155581.1873 238565823.4939 301340047.8099
60958.4899 247076230.0962 278832185.9497 238223529.3980 301609635.1148
61405.5746 246866808.6639 278497366.6784 237867674.4402 301889229.0585
61870.1124 246648214.9401 278150561.9835 237497574.2189 302179288.8625
62352.9629 246419963.2470 277791175.9727 237112502.8081 302480297.9634
62855.0359 246181536.8400 277418575.8073 236711689.9248 302792765.3165
63377.2947 245932385.6456 277032089.0840 236294317.9101 303117226.7417
63920.7593 245671923.8222 276631001.0147 235859518.4988 303454246.3182
64486.5100 245399527.1546 276214551.4303 235406369.4049 303804417.7924
65075.6915 245114530.2525 275781931.5649 234933890.6864 304168366.0150
65689.5164 244816223.5581 275332280.6367 234441040.9083 304546748.3745
66329.2691 244503850.1610 274864682.2263 233926713.1155 304940256.2019
66996.3109 244176602.4060 274378160.4346 233389730.6050 305349616.1349
67692.0831 243833618.3158 273871675.8604 232828842.5511 305775591.3792
68418.1123 243473977.8299 273344121.3983 232242719.5019 306218982.8343
69176.0140 243096698.8794 272794317.8900 231629948.7983 306680630.0184
69967.4972 242700733.3398 272221009.6893 230989030.0037 307161411.7053
70794.3677 242284962.9056 271622860.1999 230318370.4355 307662246.1807
71658.5319 241848194.9686 270998447.4987 229616280.9534 308184090.9809
72561.9994 241389158.5973 270346260.1700 228880972.1788 308727941.9634
73506.8843 240906500.7767 269664693.5614 228110551.4228 309294831.4941
74495.4057 240398783.0826 268952046.6804 227303020.6167 309885825.5251
75529.8857 239864479.0779 268206520.0994 226456275.7107 310502019.2313
76612.7452 239301972.7601 267426215.2808 225568108.0684 311144530.8476
77746.4963 238709558.5093 266609135.8799 224636208.5526 311814493.2538
78933.7297 238085443.1160 265753191.7416 223658175.1849 312513042.7608
80177.0975 237427750.6073 264856206.4681 222631525.4444 313241304.4737
81479.2879 236734530.7622 263915929.6350 221553714.5021 314000373.5155
82842.9920 236003772.3842 262930054.9386 220422160.9005 314791291.3311
84270.8596 235233422.5833 261896245.7540 219234281.3997 315615016.2647
85765.4429 234421413.4540 260812169.7246 217987536.8280 316472387.6551
87329.1251 233565697.5810 259675544.0109 216679490.7185 317364082.8962
88964.0349 232664293.7087 258484192.6643 215307882.2478 318290567.2653
90671.9436 231715343.5208 257236117.0513 213870714.2426 319252036.9961
92454.1481 230717179.7530 255929579.3098 212366355.8024 320248357.0226
94311.3422 229668404.6129 254563197.2378 210793657.0981 321278996.1890
96243.4834 228567975.7515 253136046.8769 209152071.2967 322342964.3285
98249.6641 227415294.8527 251647766.4168 207441775.4241 323438757.3442
100328.0019 226210291.5715 250098652.3034 205663778.8072 324564317.8610
102475.5633 224953493.6183 248489736.2740 203820005.3960 325717019.6165
104688.3367 223646072.9719 246822831.3467 201913335.7993 326893682.9192
106961.2686 222289859.1580 245100536.3085 199947597.1206 328090625.8871
109288.3648 220887313.6712 243326192.4117 197927494.1011 329303751.8009
111662.8577 219441464.5926 241503792.2664 195858482.8955 330528667.5683
114077.4213 217955806.2892 239637848.0462 193746597.4330 331760823.2109
116524.4170 216434174.2794 237733232.2427 191598245.4685 332995658.8836
118996.1424 214880608.5451 235795007.6960 189419995.2251 334228745.1577
121485.0609 213299219.0306 233828263.7027 187218373.1111 335455904.2688
123983.9949 211694064.9852 231837972.0166 184999688.9254 336673304.0040
126486.2711 210069056.0458 229828871.6649 182769898.7346 337877520.6612
128985.8160 208427878.6944 227805386.1744 180534508.9998 339065571.8900
131477.2054 206773947.9970 225771572.2853 178298520.0773 340234923.3685
133955.6756 205110381.8300 223731096.0717 176066403.4998 341383475.0123
136417.1049 203439993.3729 221687230.8390 173842105.7230 342509532.8007
138857.9751 201765297.2068 219642870.8175 171629070.7624 343611771.8184
141275.3211 200088524.6690 217600555.2119 169430274.9362 344689195.0967
143666.6749 198411644.8010 215562498.1231 167248268.1907 345741091.6821
146030.0082 196736388.0469 213530620.9325 165085217.8620 346766996.2710
148363.6770 195064270.6654 211506584.7677 162942952.0097 347766651.8328
150666.3703 193396618.4950 209491821.5066 160823000.5004 348739975.9552
152937.0637 191734589.2358 207487562.4211 158726632.8043 349687031.1652
155174.9779 190079192.8200 205494864.0423 156654892.0525 350607999.1502
157379.5423 188431309.6868 203514631.1241 154608625.2550 351503158.6324
159550.3640 186791706.9793 201547636.8013 152588509.8382 352372866.5396
161687.2001 185161052.7603 199594540.1282 150595076.7662 353217542.0927
163789.9348 183539928.4188 197655901.2589 148628730.5916 354037653.4234
165858.5596 181928839.4554 195732194.5399 146689766.7898 354833706.3651
167893.1562 180328224.8270 193823819.7667 144778386.7071 355606235.0974
169893.8819 178738465.0456 191931111.8669 142894710.4556 356355794.3554
171860.9578 177159889.1883 190054349.2184 141038788.0268 357082952.9615
173794.6579 175592780.9746 188193760.8101 139210608.8862 357788288.4659
175695.3005 174037384.0374 186349532.4054 137410110.2579 358472382.7202
177563.2401 172493906.5074 184521811.8655 135637184.2972 359135818.2308
179398.8618 170962524.9997 182710713.7442 133891684.2995 359779175.1693
181202.5748 169443388.0998 180916323.2780 132173430.0991 360403028.9281
182974.8084 167936619.4063 179138699.8426 130482212.7563 361007948.1392
184716.0075 166442320.2039 177377879.9689 128817798.6481 361594493.0755
186426.6295 164960571.8139 175633879.9747 127179933.0393 362163214.3753
188107.1409 163491437.6607 173906698.2635 125568343.2003 362714652.0395
189758.0153 162034965.1024 172196317.3451 123982741.1430 363249334.6535
191379.7307 160591187.0515 170502705.6125 122422826.0217 363767778.8000
192972.7680 159160123.4117 168825818.9055 120888286.2383 364270488.6318
194537.6093 157741782.3593 167165601.8960 119378801.2991 364757955.5766
196074.7365 156336161.4859 165521989.3134 117894043.4483 365230658.1542
197584.6301 154943248.8190 163894907.0326 116433679.1079 365689061.8862
199067.7683 153563023.7393 162284273.0440 114997370.1513 366133619.2822
200524.6261 152195457.8013 160689998.3156 113584775.0235 366564769.8918
201955.6747 150840515.4747 159111987.5665 112195549.7356 366982940.4078
203361.3805 149498154.8101 157550139.9554 110829348.7390 367388544.8140
204742.2051 148168328.0427 156004349.7022 109485825.7017 367781984.5679
206098.6047 146850982.1396 154474506.6461 108164634.1940 368163648.8113
207431.0294 145546059.2891 152960496.7411 106865428.2886 368533914.6062
208739.9235 144253497.3572 151462202.5170 105587863.1017 368893147.1850
210025.7248 142973230.2919 149979503.4811 104331595.2586 369241700.2177
211288.8646 141705188.4970 148512276.4905 103096283.3108 369579916.0873
212529.7675 140449299.1711 147060396.0847 101881588.0996 369908126.1743
213748.8513 139205486.6201 145623734.7921 100687173.0779 370226651.1440
214946.5270 137973672.5384 144202163.4009 99512704.5881 370535801.2385
216123.1986 136753776.2736 142795551.2161 98357852.1103 370835876.5675
217279.2632 135545715.0618 141403766.2823 97222288.4720 371127167.4006
218415.1107 134349404.2483 140026675.5940 96105690.0333 371409954.4566
219531.1244 133164757.4877 138664145.2827 95007736.8437 371684509.1904
220627.6805 131991686.9328 137316040.7940 93928112.7806 371951094.0750
221705.1482 130830103.4033 135982227.0431 92866505.6621 372209962.8811
222763.8900 129679916.5438 134662568.5599 91822607.3431 372461360.9501
223804.2616 128541034.9681 133356929.6191 90796113.7940 372705525.4627
224826.6118 127413366.3959 132065174.3653 89786725.1672 372942685.7008
225831.2830 126296817.7759 130787166.9210 88794145.8471 373173063.3036
226818.6108 125191295.4015 129522771.4902 87818084.4900 373396872.5179
227788.9246 124096705.0147 128271852.4484 86858254.0498 373614320.4418
228742.5470 123012951.9094 127034274.4334 85914371.8010 373825607.2609
229679.7948 121939941.0173 125809902.4173 84986159.3432 374030926.4800
230600.9781 120877576.9965 124598601.7833 84073342.6069 374230465.1460
231506.4012 119825764.3081 123400238.3887 83175651.8462 374424404.0657
232396.3623 118784407.2888 122214678.6258 82292821.6277 374612918.0168
233271.1537 117753410.2196 121041789.4775 81424590.8139 374796175.9522
234131.0619 116732677.3877 119881438.5681 80570702.5404 374974341.1979
234976.3677 115722113.1448 118733494.2089 79730904.1899 375147571.6452
235807.3462 114721621.9617 117597825.4414 78904947.3614 375316019.9361
236624.2673 113731108.4769 116474302.0748 78092587.8353 375479833.6435
237427.3951 112750477.5440 115362794.7219 77293585.5366 375639155.4444
238216.9887 111779634.2770 114263174.8335 76507704.4967 375794123.2884
238993.3018 110818484.0866 113175314.7237 75734712.8077 375944870.5603
239756.5833 109866932.7196 112099087.5992 74974382.5800 376091526.2369
240507.0768 108924886.2934 111034367.5833 74226489.8955 376234215.0387
241245.0211 107992251.3286 109981029.7382 73490814.7602 376373057.5767
241970.6504 107068934.7760 108938950.0823 72767141.0533 376508170.4940
242684.1938 106154844.0463 107908005.6101 72055256.4777 376639666.6024
243385.8761 105249887.0350 106888074.3076 71354952.5089 376767655.0143
244075.9176 104353972.1452 105879035.1660 70666024.3417 376892241.2707
244754.5340 103467008.3095 104880768.1942 69988270.8381 377013527.4634
245421.9368 102588905.0110 103893154.4312 69321494.4742 377131612.3542
246078.3331 101719572.2994 102916075.9532 68665501.2852 377246591.4896
246723.9261 100858920.8098 101949415.8838 68020100.8125 377358557.3110
247358.9146 100006861.7776 100993058.4012 67385106.0491 377467599.2617
247983.4938 99163307.0525 100046888.7434 66760333.3859 377573803.8896
248597.8546 98328169.1113 99110793.2126 66145602.5565 377677254.9467
249202.1844 97501361.0705 98184659.1814 65540736.5845 377778033.4846
249796.6666 96682796.6961 97268375.0934 64945561.7286 377876217.9475
250381.4812 95872390.4144 96361830.4671 64359907.4297 377971884.2608
250956.8044 95070057.3182 95464915.8947 63783606.2561 378065105.9175
251522.8089 94275713.1772 94577523.0457 63216493.8522 378155954.0611
252079.6642 93489274.4452 93699544.6659 62658408.8859 378244497.5653
252627.5361 92710658.2630 92830874.5747 62109192.9946 378330803.1118
253166.5874 91939782.4678 91971407.6664 61568690.7357 378414935.2644
253696.9773 91176565.5971 91121039.9091 61036749.5355 378496956.5408
254218.8624 90420926.8895 90279668.3371 60513219.6358 378576927.4822
254732.3956 89672786.2919 89447191.0528 59997954.0470 378654906.7198
255237.7272 88932064.4595 88623507.2204 59490808.4960 378730951.0399
255735.0044 88198682.7611 87808517.0648 58991641.3802 378805115.4453
256224.3714 87472563.2795 87002121.8663 58500313.7177 378877453.2159
256705.9697 86753628.8110 86204223.9533 58016689.0984 378948015.9663
257179.9381 86041802.8702 85414726.7027 57540633.6405 379016853.7020
257646.4124 85337009.6845 84633534.5275 57072015.9394 379084014.8729
258105.5259 84639174.2007 83860552.8783 56610707.0270 379149546.4257
258557.4094 83948222.0798 83095688.2330 56156580.3233 379213493.8536
259002.1909 83264079.6973 82338848.0910 55709511.5929 379275901.2452
259439.9961 82586674.1433 81589940.9684 55269378.9022 379336811.3309
259870.9482 81915933.2208 80848876.3914 54836062.5763 379396265.5279
260295.1679 81251785.4437 80115564.8889 54409445.1564 379454303.9839
260712.7737 80594160.0347 79389917.9855 53989411.3582 379510965.6190
261123.8817 79942986.9203 78671848.1914 53575848.0296 379566288.1664
261528.6059 79298196.7326 77961269.0001 53168644.1128 379620308.2111
261927.0578 78659720.8051 77258094.8786 52767690.6040 379673061.2279
262319.3472 78027491.1693 76562241.2604 52372880.5143 379724581.6176
262705.5813 77401440.5519 75873624.5370 51984108.8318 379774902.7424
263085.8655 76781502.3692 75192162.0489 51601272.4823 379824056.9598
263460.3032 76167610.7280 74517772.0817 51224270.2958 379872075.6551
263828.9957 75559700.4176 73850373.8537 50853002.9668 379918989.2735
264192.0425 74957706.9074 73189887.5095 50487373.0204 379964827.3500
264549.5410 74361566.3439 72536234.1128 50127284.7774 380009618.5396
264901.5870 73771215.5443 71889335.6358 49772644.3190 380053390.6451
265248.2741 73186591.9945 71249114.9537 49423359.4540 380096170.6450
265589.6945 72607633.8426 70615495.8337 49079339.6853 380137984.7199
265925.9385 72034279.8985 69988402.9313 48740496.1787 380178858.2780
266257.0947 71466469.6241 69367761.7761 48406741.7287 380218815.9802
266583.2499 70904143.1295 68753498.7651 48077990.7278 380257881.7638
266904.4894 70347241.1717 68145541.1570 47754159.1375 380296078.8653
267220.8969 69795705.1467 67543817.0613 47435164.4565 380333429.8435
267532.5545 69249477.0848 66948255.4294 47120925.6911 380369956.6003
267839.5427 68708499.6464 66358786.0479 46811363.3271 380405680.4017
268141.9404 68172716.1168 65775339.5293 46506399.3011 380440621.8982
268439.8254 67642070.4016 65197847.3044 46205956.9724 380474801.1439
268733.2736 67116507.0202 64626241.6124 45909961.0955 380508237.6155
269022.3597 66595971.1017 64060455.4935 45618337.7936 380540950.2303
269307.1571 66080408.3782 63500422.7793 45331014.5313 380572957.3638
269587.7375 65569765.1809 62946078.0854 45047920.0898 380604276.8668
269864.1717 65063988.4340 62397356.8028 44768984.5410 380634926.0815
270136.5288 64563025.6519 61854195.0918 44494139.2240 380664921.8575
270404.8769 64066824.9298 61316529.8697 44223316.7186 380694280.5670
270669.2827 63575334.9407 60784298.8046 43956450.8227 380723018.1198
270929.8117 63088504.9299 60257440.3079 43693476.5288 380751149.9775
271186.5281 62606284.7101 59735893.5256 43434330.0010 380778691.1670
271439.4951 62128624.6540 59219598.3289 43178948.5522 380805656.2946
271688.7747 61655475.6904 58708495.3073 42927270.6220 380832059.5583
271934.4276 61186789.3000 58202525.7615 42679235.7558 380857914.7604
272176.5136 60722517.5072 57701631.6935 42434784.5828 380883235.3198
272415.0912 60262612.8775 57205755.8005 42193858.7957 380908034.2837
272650.2180 59807028.5095 56714841.4643 41956401.1296 380932324.3387
272881.9506 59355718.0314 56228832.7468 41722355.3431 380956117.8220
273110.3443 58908635.5950 55747674.3793 41491666.1975 380979426.7315
273335.4536 58465735.8704 55271311.7570 41264279.4386 381002262.7368
273557.3320 58026974.0407 54799690.9300 41040141.7772 381024637.1884
273776.0320 57592305.7977 54332758.5970 40819200.8719 381046561.1278
273991.6052 57161687.3351 53870462.0966 40601405.3092 381068045.2962
274204.1022 56735075.3435 53412749.3996 40386704.5868 381089100.1441
274413.5727 56312427.0060 52959569.1029 40175049.0965 381109735.8396
274620.0655 55893699.9930 52510870.4215 39966390.1066 381129962.2770
274823.6286 55478852.4563 52066603.1809 39760679.7456 381149789.0848
275024.3092 55067843.0234 51626717.8095 39557870.9851 381169225.6335
275222.1533 54660630.7941 51191165.3329 39357917.6247 381188281.0435
275417.2065 54257175.3350 50759897.3662 39160774.2763 381206964.1923
275609.5134 53857436.6735 50332866.1064 38966396.3479 381225283.7216
275799.1178 53461375.2927 49910024.3250 38774740.0287 381243248.0444
275986.0627 53068952.1280 49491325.3633 38585762.2751 381260865.3514
276170.3905 52680128.5607 49076723.1233 38399420.7954 381278143.6179
276352.1426 52294866.4134 48666172.0620 38215674.0358 381295090.6096
276531.3599 51913127.9449 48259627.1838 38034481.1662 381311713.8893
276708.0825 51534875.8463 47857044.0355 37855802.0673 381328020.8220
276882.3497 51160073.2357 47458378.6986 37679597.3168 381344018.5813
277054.2002 50788683.6539 47063587.7839 37505828.1766 381359714.1545
277223.6721 50420671.0570 46672628.4221 37334456.5785 381375114.3484
277390.8026 50055999.8162 46285458.2617 37165445.1139 381390225.7939
277555.6285 49694634.7101 45902035.4600 36998757.0202 381405054.9514
277718.1858 49336540.9190 45522318.6757 36834356.1677 381419608.1158
277878.5099 48981684.0233 45146267.0658 36672207.0495 381433891.4208
278036.6357 48630029.9983 44773840.2785 36512274.7696 381447910.8437
278192.5973 48281545.2087 44404998.4466 36354525.0307 381461672.2100
278346.4284 47936196.4037 44039702.1809 36198924.1232 381475181.1975
278498.1620 47593950.7146 43677912.5661 36045438.9150 381488443.3402
278647.8306 47254775.6482 43319591.1536 35894036.8398 381501464.0330
278795.4659 46918639.0854 42964699.9572 35744685.8877 381514248.5350
278941.0995 46585509.2724 42613201.4443 35597354.5934 381526801.9737
279084.7621 46255354.8201 42265058.5332 35452012.0271 381539129.3484
279226.4839 45928144.7000 41920234.5877 35308627.7851 381551235.5339
279366.2949 45603848.2382 41578693.4100 35167171.9788 381563125.2839
279504.2241 45282435.1104 41240399.2340 35027615.2255 381574803.2345
279640.3004 44963875.3410 40905316.7236 34889928.6398 381586273.9073
279774.5521 44648139.2968 40573410.9647 34754083.8237 381597541.7125
279907.0068 44335197.6836 40244647.4607 34620052.8583 381608610.9522
280037.6921 44025021.5421 39918992.1273 34487808.2940 381619485.8232
280166.6346 43717582.2446 39596411.2878 34357323.1433 381630170.4197
280293.8607 43412851.4903 39276871.6672 34228570.8711 381640668.7367
280419.3966 43110801.3010 38960340.3871 34101525.3866 381650984.6719
280543.2676 42811404.0189 38646784.9616 33976161.0359 381661122.0289
280665.4988 42514632.3018 38336173.2921 33852452.5932 381671084.5198
280786.1149 42220459.1193 38028473.6621 33730375.2538 381680875.7671
280905.1402 41928857.7491 37723654.7325 33609904.6255 381690499.3066
281022.5985 41639801.7732 37421685.5363 33491016.7216 381699958.5899
281138.5132 41353265.0759 37122535.4762 33373687.9539 381709256.9858
281252.9074 41069221.8384 36826174.3176 33257895.1250 381718397.7836
281365.8038 40787646.5361 36532572.1855 33143615.4213 381727384.1943
281477.2246 40508513.9348 36241699.5587 33030826.4063 381736219.3534
281587.1918 40231799.0860 35953527.2652 32919506.0129 381744906.3223
281695.7270 39957477.3272 35668026.4809 32809632.5382 381753448.0906
281802.8513 39685524.2738 35385168.7204 32701184.6357 381761847.5781
281908.5855 39415915.8193 35104925.8369 32594141.3093 381770107.6363
282012.9503 39148628.1306 34827270.0161 32488481.9074 381778231.0504
282115.9658 38883637.6451 34552173.7722 32384186.1163 381786220.5409
282217.6517 38620921.0666 34279609.9436 32281233.9540 381794078.7655
282318.0277 38360455.3635 34009551.6896 32179605.7647 381801808.3206
282417.1129 38102217.7645 33741972.4852 32079282.2127 381809411.7429
282514.9262 37846185.7561 33476846.1184 31980244.2767 381816891.5109
282611.4861 37592337.0793 33214146.6855 31882473.2445 381824250.0465
282706.8110 37340649.7264 32953848.5870 31785950.7069 381831489.7164
282800.9188 37091101.9387 32695926.5249 31690658.5531 381838612.8336
282893.8271 36843672.2026 32440355.4977 31596578.9647 381845621.6585
282985.5534 36598339.2470 32187110.7970 31503694.4110 381852518.4006
283076.1148 36355082.0403 31936168.0041 31411987.6435 381859305.2198
283165.5281 36113879.7882 31687502.9866 31321441.6913 381865984.2273
283253.8099 35874711.9294 31441091.8935 31232039.8559 381872557.4870
283340.9765 35637558.1348 31196911.1537 31143765.7067 381879027.0170
283427.0438 35402398.3028 30954937.4704 31056603.0762 381885394.7902
283512.0278 35169212.5587 30715147.8202 30970536.0553 381891662.7359
283595.9438 34937981.2486 30477519.4459 30885548.9885 381897832.7408
283678.8072 34708684.9409 30242029.8574 30801626.4701 381903906.6498
283760.6331 34481304.4197 30008656.8244 30718753.3392 381909886.2674
283841.4361 34255820.6853 29777378.3766 30636914.6758 381915773.3585
283921.2308 34032214.9504 29548172.7984 30556095.7968 381921569.6493
284000.0317 33810468.6371 29321018.6263 30476282.2511 381927276.8285
284077.8527 33590563.3749 29095894.6453 30397459.8164 381932896.5482
284154.7077 33372480.9980 28872779.8865 30319614.4948 381938430.4245
284230.6104 33156203.5435 28651653.6238 30242732.5089 381943880.0388
284305.5743 32941713.2481 28432495.3705 30166800.2982 381949246.9383
284379.6125 32728992.5464 28215284.8768 30091804.5154 381954532.6371
284452.7380 32518024.0675 28000002.1262 30017732.0221 381959738.6167
284524.9638 32308790.6333 27786627.3326 29944569.8858 381964866.3272
284596.3023 32101275.2570 27575140.9386 29872305.3764 381969917.1877
284666.7660 31895461.1395 27365523.6115 29800925.9623 381974892.5872
284736.3672 31691331.6677 27157756.2407 29730419.3074 381979793.8855
284805.1178 31488870.4124 26951819.9350 29660773.2675 381984622.4134
284873.0297 31288061.1262 26747696.0205 29591975.8872 381989379.4739
284940.1145 31088887.7409 26545366.0369 29524015.3965 381994066.3427
285006.3838 30891334.3651 26344811.7351 29456880.2075 381998684.2689
285071.8488 30695385.2828 26146015.0746 29390558.9117 382003234.4752
285136.5206 30501024.9516 25948958.2217 29325040.2770 382007718.1594
285200.4102 30308237.9983 25753623.5450 29260313.2437 382012136.4941
285263.5283 30117009.2202 25559993.6150 29196366.9229 382016490.6277
285325.8857 29927323.5810 25368051.2007 29133190.5931 382020781.6852
285387.4927 29739166.2093 25177779.2672 29070773.6970 382025010.7683
285448.3596 29552522.3968 24989160.9731 29009105.8393 382029178.9560
285508.4965 29367377.5960 24802179.6683 28948176.7836 382033287.3057
285567.9135 29183717.4183 24616818.8914 28887976.4498 382037336.8527
285626.6203 29001527.6322 24433062.3675 28828494.9115 382041328.6118
285684.6267 28820794.1617 24250894.0058 28769722.3934 382045263.5770
285741.9422 28641503.0840 24070297.8976 28711649.2689 382049142.7222
285798.5760 28463640.6284 23891258.3144 28654266.0574 382052967.0018
285854.5376 28287193.1738 23713759.7045 28597563.4223 382056737.3511
285909.8359 28112147.2463 23537786.6913 28541532.1675 382060454.6866
285964.4800 27938489.5188 23363324.0713 28486163.2364 382064119.9065
286018.4787 27766206.8090 23190356.8126 28431447.7090 382067733.8911
286071.8406 27595286.0776 23018870.0522 28377376.7995 382071297.5034
286124.5743 27425714.4257 22848849.0935 28323941.8543 382074811.5893
286176.6882 27257479.0945 22680279.4048 28271134.3497 382078276.9778
286228.1908 27090567.4620 22513146.6167 28218945.8895 382081694.4818
286279.0900 26924967.0428 22347436.5205 28167368.2033 382085064.8983
286329.3941 26760665.4866 22183135.0671 28116393.1445 382088389.0086
286379.1109 26597650.5751 22020228.3633 28066012.6878 382091667.5788
286428.2483 26435910.2217 21858702.6709 28016218.9276 382094901.3601
286476.8139 26275432.4701 21698544.4053 27967004.0758 382098091.0892
286524.8153 26116205.4918 21539740.1325 27918360.4600 382101237.4885
286572.2601 25958217.5853 21382276.5682 27870280.5217 382104341.2665
286619.1556 25801457.1736 21226140.5745 27822756.8139 382107403.1182
286665.5090 25645912.8042 21071319.1599 27775782.0001 382110423.7250
286711.3275 25491573.1474 20917799.4773 27729348.8520 382113403.7555
286756.6181 25338426.9933 20765568.8207 27683450.2476 382116343.8655
286801.3878 25186463.2522 20614614.6251 27638079.1701 382119244.6985
286845.6435 25035670.9520 20464924.4637 27593228.7054 382122106.8855
286889.3917 24886039.2375 20316486.0471 27548892.0410 382124931.0458
286932.6392 24737557.3687 20169287.2208 27505062.4640 382127717.7870
286975.3926 24590214.7200 20023315.9645 27461733.3602 382130467.7053
287017.6582 24444000.7777 19878560.3898 27418898.2113 382133181.3856
287059.4424 24298905.1396 19735008.7380 27376550.5944 382135859.4021
287100.7515 24154917.5136 19592649.3803 27334684.1801 382138502.3180
287141.5917 24012027.7162 19451470.8145 27293292.7309 382141110.6864
287181.9689 23870225.6719 19311461.6650 27252370.0999 382143685.0500
287221.8893 23729501.4108 19172610.6799 27211910.2294 382146225.9412
287261.3586 23589845.0672 19034906.7293 27171907.1487 382148733.8831
287300.3828 23451246.8808 18898338.8062 27132354.9744 382151209.3889
287338.9675 23313697.1927 18762896.0223 27093247.9071 382153652.9624
287377.1185 23177186.4451 18628567.6078 27054580.2313 382156065.0982
287414.8411 23041705.1816 18495342.9106 27016346.3137 382158446.2820
287452.1411 22907244.0439 18363211.3935 26978540.6020 382160796.9905
287489.0237 22773793.7707 18232162.6329 26941157.6230 382163117.6921
287525.4943 22641345.1988 18102186.3191 26904191.9824 382165408.8463
287561.5582 22509889.2601 17973272.2535 26867638.3629 382167670.9046
287597.2205 22379416.9809 17845410.3475 26831491.5228 382169904.3103
287632.4863 22249919.4806 17718590.6213 26795746.2954 382172109.4989
287667.3607 22121387.9716 17592803.2028 26760397.5875 382174286.8979
287701.8486 21993813.7575 17468038.3266 26725440.3784 382176436.9273
287735.9549 21867188.2315 17344286.3313 26690869.7183 382178559.9996
287769.6845 21741502.8750 17221537.6587 26656680.7274 382180656.5201
287803.0421 21616749.2587 17099782.8539 26622868.5953 382182726.8868
287836.0324 21492919.0410 16979012.5639 26589428.5795 382184771.4907
287868.6600 21370003.9652 16859217.5349 26556356.0042 382186790.7161
287900.9294 21247995.8604 16740388.6122 26523646.2596 382188784.9402
287932.8452 21126886.6394 16622516.7387 26491294.8007 382190754.5341
287964.4117 21006668.2976 16505592.9532 26459297.1460 382192699.8620
287995.6334 20887332.9140 16389608.3913 26427648.8773 382194621.2820
288026.5145 20768872.6482 16274554.2821 26396345.6380 382196519.1458
288057.0594 20651279.7403 16160421.9481 26365383.1326 382198393.7994
288087.2720 20534546.5089 16047202.8031 26334757.1250 382200245.5823
288117.1567 20418665.3519 15934888.3524 26304463.4387 382202074.8285
288146.7175 20303628.7451 15823470.1916 26274497.9550 382203881.8663
288175.9583 20189429.2402 15712940.0045 26244856.6127 382205667.0183
288204.8832 20076059.4651 15603289.5626 26215535.4065 382207430.6014
288233.4960 19963512.1230 15494510.7249 26186530.3870 382209172.9275
288261.8006 19851779.9909 15386595.4358 26157837.6594 382210894.3028
288289.8008 19740855.9197 15279535.7246 26129453.3825 382212595.0286
288317.5003 19630732.8317 15173323.7040 26101373.7681 382214275.4010
288344.9028 19521403.7212 15067951.5692 26073595.0803 382215935.7112
288372.0119 19412861.6538 14963411.5980 26046113.6343 382217576.2453
288398.8313 19305099.7647 14859696.1487 26018925.7963 382219197.2848
288425.3645 19198111.2591 14756797.6599 25992027.9821 382220799.1065
288451.6149 19091889.4097 14654708.6486 25965416.6566 382222381.9825
288477.5860 18986427.5570 14553421.7099 25939088.3328 382223946.1803
288503.2813 18881719.1083 14452929.5158 25913039.5716 382225491.9632
288528.7040 18777757.5380 14353224.8157 25887266.9807 382227019.5899
288553.8575 18674536.3853 14254300.4334 25861767.2139 382228529.3150
288578.7450 18572049.2543 14156149.2679 25836536.9707 382230021.3889
288603.3697 18470289.8123 14058764.2908 25811572.9949 382231496.0577
288627.7349 18369251.7909 13962138.5474 25786872.0750 382232953.5638
288651.8436 18268928.9834 13866265.1545 25762431.0425 382234394.1453
288675.6989 18169315.2458 13771137.3007 25738246.7720 382235818.0367
288699.3039 18070404.4943 13676748.2438 25714316.1801 382237225.4685
288722.6615 17972190.7067 13583091.3124 25690636.2252 382238616.6675
288745.7749 17874667.9194 13490159.9026 25667203.9062 382239991.8569
288768.6467 17777830.2288 13397947.4791 25644016.2627 382241351.2562
288791.2800 17681671.7894 13306447.5738 25621070.3739 382242695.0816
288813.6776 17586186.8134 13215653.7845 25598363.3579 382244023.5456
288835.8423 17491369.5710 13125559.7753 25575892.3717 382245336.8572
288857.7769 17397214.3875 13036159.2739 25553654.6099 382246635.2225
288879.4841 17303715.6448 12947446.0731 25531647.3048 382247918.8438
288900.9665 17210867.7804 12859414.0288 25509867.7254 382249187.9206
288922.2269 17118665.2864 12772057.0599 25488313.1772 382250442.6490
288943.2680 17027102.7090 12685369.1470 25466981.0013 382251683.2221
288964.0921 16936174.6475 12599344.3318 25445868.5742 382252909.8300
288984.7020 16845875.7541 12513976.7162 25424973.3069 382254122.6596
289005.1002 16756200.7345 12429260.4635 25404292.6449 382255321.8950
289025.2891 16667144.3443 12345189.7943 25383824.0674 382256507.7175
289045.2712 16578701.3915 12261758.9886 25363565.0866 382257680.3056
289065.0489 16490866.7345 12178962.3845 25343513.2478 382258839.8347
289084.6246 16403635.2814 12096794.3766 25323666.1282 382259986.4778
289104.0007 16317001.9898 12015249.4162 25304021.3370 382261120.4051
289123.1795 16230961.8670 11934322.0112 25284576.5149 382262241.7841
289142.1633 16145509.9677 11854006.7239 25265329.3331 382263350.7799
289160.9544 16060641.3954 11774298.1719 25246277.4936 382264447.5549
289179.5550 15976351.3011 11695191.0271 25227418.7284 382265532.2690
289197.9672 15892634.8816 11616680.0138 25208750.7988 382266605.0798
289216.1934 15809487.3802 11538759.9093 25190271.4952 382267666.1424
289234.2357 15726904.0863 11461425.5434 25171978.6370 382268715.6094
289252.0961 15644880.3355 11384671.7983 25153870.0719 382269753.6314
289269.7768 15563411.5073 11308493.6065 25135943.6752 382270780.3564
289287.2798 15482493.0259 11232885.9512 25118197.3501 382271795.9303
289304.6072 15402120.3591 11157843.8654 25100629.0266 382272800.4968
289321.7610 15322289.0185 11083362.4317 25083236.6615 382273794.1974
289338.7432 15242994.5588 11009436.7818 25066018.2381 382274777.1716
289355.5558 15164232.5761 10936062.0947 25048971.7653 382275749.5565
289372.2007 15085998.7096 10863233.5982 25032095.2779 382276711.4876
289388.6798 15008288.6396 10790946.5668 25015386.8358 382277663.0979
289404.9949 14931098.0879 10719196.3220 24998844.5239 382278604.5188
289421.1481 14854422.8169 10647978.2316 24982466.4514 382279535.8795
289437.1411 14778258.6290 10577287.7087 24966250.7518 382280457.3075
289452.9757 14702601.3662 10507120.2117 24950195.5825 382281368.9281
289468.6537 14627446.9105 10437471.2437 24934299.1241 382282270.8652
289484.1769 14552791.1823 10368336.3519 24918559.5806 382283163.2404
289499.5471 14478630.1407 10299711.1273 24902975.1788 382284046.1738
289514.7659 14404959.7832 10231591.2041 24887544.1680 382284919.7837
289529.8351 14331776.1454 10163972.2598 24872264.8198 382285784.1866
289544.7564 14259075.2990 10096850.0132 24857135.4273 382286639.4975
289559.5315 14186853.3537 10030220.2254 24842154.3056 382287485.8293
289574.1619 14115106.4549 9964078.6987 24827319.7907 382288323.2938
289588.6493 14043830.7850 9898421.2765 24812630.2400 382289152.0008
289602.9953 13973022.5617 9833243.8427 24798084.0312 382289972.0586
289617.2014 13902678.0391 9768542.3217 24783679.5628 382290783.5740
289631.2693 13832793.5046 9704312.6764 24769415.2529 382291586.6522
289645.2005 13763365.2808 9640550.9090 24755289.5398 382292381.3969
289658.9965 13694389.7254 9577253.0613 24741300.8812 382293167.9104
289672.6588 13625863.2289 9514415.2124 24727447.7540 382293946.2934
289686.1888 13557782.2163 9452033.4800 24713728.6545 382294716.6452
289699.5882 13490143.1458 9390104.0194 24700142.0973 382295479.0638
289712.8582 13422942.5075 9328623.0223 24686686.6158 382296233.6457
289726.0003 13356176.8249 9267586.7173 24673360.7614 382296980.4860
289739.0160 13289842.6532 9206991.3694 24660163.1037 382297719.6786
289751.9067 13223936.5793 9146833.2791 24647092.2298 382298451.3159
289764.6736 13158455.2225 9087108.7834 24634146.7447 382299175.4891
289777.3182 13093395.2329 9027814.2536 24621325.2702 382299892.2882
289789.8418 13028753.2908 8968946.0959 24608626.4454 382300601.8017
289802.2458 12964526.1074 8910500.7505 24596048.9261 382301304.1170
289814.5314 12900710.4242 8852474.6921 24583591.3845 382301999.3204
289826.7000 12837303.0120 8794864.4284 24571252.5094 382302687.4968
289838.7528 12774300.6730 8737666.5018 24559031.0056 382303368.7300
289850.6911 12711700.2368 8680877.4862 24546925.5939 382304043.1026
289862.5161 12649498.5625 8624493.9885 24534935.0105 382304710.6962
289874.2290 12587692.5380 8568512.6477 24523058.0073 382305371.5911
289885.8312 12526279.0799 8512930.1353 24511293.3513 382306025.8666
289897.3237 12465255.1324 8457743.1535 24499639.8247 382306673.6007
289908.7078 12404617.6676 8402948.4362 24488096.2245 382307314.8707
289919.9847 12344363.6848 8348542.7477 24476661.3621 382307949.7525
289931.1554 12284490.2110 8294522.8831 24465334.0636 382308578.3212
289942.2212 12224994.3003 8240885.6682 24454113.1693 382309200.6507
289953.1832 12165873.0332 8187627.9582 24442997.5337 382309816.8140
289964.0425 12107123.5162 8134746.6376 24431986.0248 382310426.8830
289974.8001 12048742.8828 8082238.6210 24421077.5246 382311030.9288
289985.4573 11990728.2912 8030100.8509 24410270.9285 382311629.0215
289996.0150 11933076.9265 7978330.2995 24399565.1451 382312221.2300
290006.4743 11875785.9980 7926923.9666 24388959.0963 382312807.6225
290016.8363 11818852.7409 7875878.8805 24378451.7170 382313388.2664
290027.1021 11762274.4142 7825192.0966 24368041.9546 382313963.2279
290037.2725 11706048.3022 7774860.6982 24357728.7694 382314532.5724
290047.3488 11650171.7133 7724881.7959 24347511.1340 382315096.3647
290057.3317 11594641.9804 7675252.5272 24337388.0334 382315654.6683
290067.2225 11539456.4600 7625970.0563 24327358.4648 382316207.5462
290077.0219 11484612.5317 7577031.5732 24317421.4371 382316755.0604
290086.7311 11430107.5993 7528434.2946 24307575.9712 382317297.2721
290096.3508 11375939.0893 7480175.4630 24297821.0998 382317834.2417
290105.8822 11322104.4508 7432252.3459 24288155.8666 382318366.0287
290115.3261 11268601.1558 7384662.2362 24278579.3272 382318892.6921
290124.6834 11215426.6985 7337402.4518 24269090.5481 382319414.2898
290133.9551 11162578.5956 7290470.3355 24259688.6067 382319930.8792
290143.1420 11110054.3850 7243863.2541 24250372.5916 382320442.5167
290152.2451 11057851.6274 7197578.5992 24241141.6021 382320949.2582
290161.2652 11005967.9039 7151613.7857 24231994.7479 382321451.1586
290170.2032 10954400.8183 7105966.2533 24222931.1494 382321948.2725
290179.0599 10903147.9940 7060633.4639 24213949.9374 382322440.6533
290187.8362 10852207.0768 7015612.9040 24205050.2528 382322928.3541
290196.5329 10801575.7317 6970902.0818 24196231.2464 382323411.4270
290205.1509 10751251.6458 6926498.5295 24187492.0794 382323889.9237
290213.6910 10701232.5249 6882399.8007 24178831.9224 382324363.8951
290222.1539 10651516.0956 6838603.4719 24170249.9558 382324833.3915
290230.5405 10602100.1043 6795107.1415 24161745.3697 382325298.4623
290238.8516 10552982.3172 6751908.4300 24153317.3634 382325759.1567
290247.0880 10504160.5194 6709004.9790 24144965.1458 382326215.5230
290255.2503 10455632.5157 6666394.4516 24136687.9347 382326667.6089
290263.3395 10407396.1301 6624074.5326 24128484.9571 382327115.4614
290271.3562 10359449.2056 6582042.9276 24120355.4491 382327559.1273
290279.3011 10311789.6034 6540297.3624 24112298.6556 382327998.6523
290287.1751 10264415.2031 6498835.5836 24104313.8299 382328434.0818
290294.9789 10217323.9037 6457655.3587 24096400.2344 382328865.4606
290302.7131 10170513.6216 6416754.4748 24088557.1398 382329292.8328
290310.3785 10123982.2910 6376130.7386 24080783.8251 382329716.2423
290317.9757 10077727.8641 6335781.9771 24073079.5777 382330135.7319
290325.5056 10031748.3111 6295706.0367 24065443.6932 382330551.3444
290332.9687 9986041.6195 6255900.7832 24057875.4753 382330963.1216
290340.3658 9940605.7939 6216364.1011 24050374.2356 382331371.1052
290347.6974 9895438.8560 6177093.8942 24042939.2936 382331775.3361
290354.9644 9850538.8438 6138088.0843 24035569.9765 382332175.8547
290362.1672 9805903.8133 6099344.6129 24028265.6195 382332572.7011
290369.3067 9761531.8368 6060861.4392 24021025.5649 382332965.9146
290376.3834 9717421.0029 6022636.5409 24013849.1630 382333355.5343
290383.3979 9673569.4163 5984667.9132 24006735.7711 382333741.5986
290390.3510 9629975.1985 5946953.5701 23999684.7540 382334124.1457
290397.2431 9586636.4863 5909491.5422 23992695.4836 382334503.2129
290404.0749 9543551.4322 5872279.8776 23985767.3390 382334878.8374
290410.8471 9500718.2050 5835316.6423 23978899.7063 382335251.0559
290417.5602 9458134.9884 5798599.9189 23972091.9785 382335619.9044
290424.2148 9415799.9824 5762127.8075 23965343.5554 382335985.4188
290430.8115 9373711.4013 5725898.4247 23958653.8438 382336347.6343
290437.3509 9331867.4749 5689909.9034 23952022.2569 382336706.5859
290443.8335 9290266.4483 5654160.3937 23945448.2148 382337062.3079
290450.2599 9248906.5802 5618648.0609 23938931.1438 382337414.8343
290456.6307 9207786.1459 5583371.0880 23932470.4769 382337764.1989
290462.9465 9166903.4333 5548327.6722 23926065.6533 382338110.4347
290469.2077 9126256.7450 5513516.0272 23919716.1183 382338453.5745
290475.4149 9085844.3983 5478934.3825 23913421.3238 382338793.6509
290481.5687 9045664.7252 5444580.9834 23907180.7276 382339130.6958
290487.6695 9005716.0705 5410454.0900 23900993.7936 382339464.7407
290493.7180 8965996.7937 5376551.9778 23894859.9916 382339795.8171
290499.7145 8926505.2669 5342872.9369 23888778.7972 382340123.9556
290505.6597 8887239.8771 5309415.2733 23882749.6922 382340449.1870
290511.5541 8848199.0239 5276177.3067 23876772.1637 382340771.5411
290517.3981 8809381.1202 5243157.3718 23870845.7048 382341091.0480
290523.1922 8770784.5927 5210353.8181 23864969.8141 382341407.7369
290528.9369 8732407.8803 5177765.0088 23859143.9956 382341721.6369
290534.6327 8694249.4355 5145389.3217 23853367.7591 382342032.7768
290540.2801 8656307.7236 5113225.1486 23847640.6196 382342341.1850
290545.8796 8618581.2220 5081270.8950 23841962.0974 382342646.8894
290551.4315 8581068.4215 5049524.9805 23836331.7181 382342949.9179
290556.9365 8543767.8252 5017985.8384 23830749.0127 382343250.2978
290562.3949 8506677.9477 4986651.9148 23825213.5171 382343548.0561
290567.8072 8469797.3163 4955521.6695 23819724.7724 382343843.2197
290573.1739 8433124.4709 4924593.5759 23814282.3247 382344135.8150
290578.4953 8396657.9636 4893866.1209 23808885.7252 382344425.8680
290583.7720 8360396.3567 4863337.8029 23803534.5296 382344713.4046
290589.0043 8324338.2256 4833007.1340 23798228.2989 382344998.4504
290594.1927 8288482.1567 4802872.6389 23792966.5987 382345281.0304
290599.3376 8252826.7486 4772932.8552 23787748.9991 382345561.1698
290604.4394 8217370.6112 4743186.3330 23782575.0753 382345838.8930
290609.4986 8182112.3656 4713631.6344 23777444.4069 382346114.2246
290614.5155 8147050.6441 4684267.3342 23772356.5780 382346387.1884
290619.4906 8112184.0902 4655092.0189 23767311.1773 382346657.8083
290624.4243 8077511.3582 4626104.2872 23762307.7978 382346926.1079
290629.3169 8043031.1137 4597302.7497 23757346.0371 382347192.1103
290634.1688 8008742.0328 4568686.0290 23752425.4970 382347455.8386
290638.9805 7974642.8024 4540252.7587 23747545.7837 382347717.3154
290643.7524 7940732.1201 4512001.5849 23742706.5075 382347976.5633
290648.4847 7907008.6940 4483931.1644 23737907.2831 382348233.6043
290653.1779 7873471.2424 4456040.1657 23733147.7290 382348488.4605
290657.8323 7840118.4942 4428327.2683 23728427.4680 382348741.1536
290662.4484 7806949.1885 4400791.1632 23723746.1271 382348991.7049
290667.0265 7773962.0744 4373430.5520 23719103.3369 382349240.1356
290671.5669 7741155.9112 4346244.1477 23714498.7324 382349486.4668
290676.0700 7708529.4679 4319230.6735 23709931.9520 382349730.7192
290680.5361 7676081.5236 4292388.8638 23705402.6384 382349972.9131
290684.9657 7643810.8673 4265717.4636 23700910.4379 382350213.0690
290689.3590 7611716.2974 4239215.2282 23696455.0005 382350451.2068
290693.7163 7579796.6219 4212880.9233 23692035.9801 382350687.3463
290698.0382 7548050.6582 4186713.3250 23687653.0340 382350921.5070
290702.3247 7516477.2335 4160711.2196 23683305.8234 382351153.7084
290706.5764 7485075.1844 4134873.4037 23678994.0131 382351383.9696
290710.7935 7453843.3556 4109198.6833 23674717.2710 382351612.3094
290714.9763 7422780.6024 4083685.8749 23670475.2691 382351838.7467
290719.1252 7391885.7884 4058333.8049 23666267.6825 382352063.2999
290723.2404 7361157.7871 4033141.3096 23662094.1898 382352285.9873
290727.3224 7330595.4798 4008107.2343 23657954.4731 382352506.8269
290731.3714 7300197.7568 3983230.4341 23653848.2176 382352725.8368
290735.3876 7269963.5181 3958509.7741 23649775.1121 382352943.0345
290739.3715 7239891.6711 3933944.1278 23645734.8484 382353158.4377
290743.3233 7209981.1326 3909532.3788 23641727.1216 382353372.0635
290747.2433 7180230.8276 3885273.4196 23637751.6300 382353583.9290
290751.1318 7150639.6900 3861166.1520 23633808.0752 382353794.0513
290754.9891 7121206.6614 3837209.4867 23629896.1616 382354002.4470
290758.8155 7091930.6922 3813402.3433 23626015.5971 382354209.1328
290762.6113 7062810.7408 3789743.6503 23622166.0922 382354414.1249
290766.3767 7033845.7736 3766232.3451 23618347.3607 382354617.4395
290770.1121 7005034.7654 3742867.3738 23614559.1192 382354819.0927
290773.8177 6976376.6991 3719647.6911 23610801.0875 382355019.1003
290777.4937 6947870.5649 3696572.2602 23607072.9880 382355217.4780
290781.1405 6919515.3614 3673640.0527 23603374.5461 382355414.2412
290784.7583 6891310.0949 3650850.0490 23599705.4901 382355609.4053
290788.3474 6863253.7793 3628201.2372 23596065.5511 382355802.9854
290791.9081 6835345.4360 3605692.6140 23592454.4627 382355994.9966
290795.4406 6807584.0946 3583323.1845 23588871.9617 382356185.4537
290798.9451 6779968.7916 3561091.9615 23585317.7874 382356374.3712
290802.4220 6752498.5710 3538997.9656 23581791.6815 382356561.7638
290805.8714 6725172.4842 3517040.2259 23578293.3888 382356747.6459
290809.2937 6697989.5903 3495217.7791 23574822.6564 382356932.0315
290812.6890 6670948.9553 3473529.6697 23571379.2342 382357114.9347
290816.0577 6644049.6526 3451974.9501 23567962.8746 382357296.3695
290819.3999 6617290.7628 3430552.6804 23564573.3325 382357476.3496
290822.7158 6590671.3731 3409261.9278 23561210.3652 382357654.8886
290826.0059 6564190.5779 3388101.7673 23557873.7327 382357831.9999
290829.2702 6537847.4790 3367071.2816 23554563.1973 382358007.6969
290832.5089 6511641.1845 3346169.5605 23551278.5237 382358181.9926
290835.7225 6485570.8093 3325395.7010 23548019.4791 382358354.9003
290838.9109 6459635.4755 3304748.8077 23544785.8329 382358526.4326
290842.0746 6433834.3114 3284227.9919 23541577.3570 382358696.6025
290845.2136 6408166.4522 3263832.3723 23538393.8255 382358865.4224
290848.3283 6382631.0399 3243561.0749 23535235.0148 382359032.9049
290851.4188 6357227.2228 3223413.2324 23532100.7038 382359199.0624
290854.4854 6331954.1556 3203387.9845 23528990.6731 382359363.9070
290857.5282 6306810.9995 3183484.4777 23525904.7061 382359527.4509
290860.5475 6281796.9217 3163701.8651 23522842.5879 382359689.7060
290863.5436 6256911.0965 3144039.3070 23519804.1062 382359850.6842
290866.5165 6232152.7039 3124495.9702 23516789.0504 382360010.3971
290869.4665 6207520.9299 3105071.0279 23513797.2123 382360168.8563
290872.3938 6183014.9669 3085763.6599 23510828.3857 382360326.0734
290875.2987 6158634.0135 3066573.0528 23507882.3665 382360482.0597
290878.1812 6134377.2742 3047498.3995 23504958.9525 382360636.8263
290881.0417 6110243.9598 3028538.8994 23502057.9438 382360790.3845
290883.8803 6086233.2864 3009693.7579 23499179.1423 382360942.7452
290886.6971 6062344.4767 2990962.1872 23496322.3518 382361093.9194
290889.4924 6038576.7585 2972343.4050 23493487.3782 382361243.9176
290892.2665 6014929.3660 2953836.6358 23490674.0293 382361392.7507
290895.0194 5991401.5383 2935441.1097 23487882.1148 382361540.4292
290897.7513 5967992.5212 2917156.0632 23485111.4463 382361686.9635
290900.4624 5944701.5656 2898980.7388 23482361.8372 382361832.3640
290903.1530 5921527.9278 2880914.3847 23479633.1028 382361976.6408
290905.8232 5898470.8700 2862956.2552 23476925.0603 382362119.8041
290908.4732 5875529.6598 2845105.6104 23474237.5285 382362261.8639
290911.1031 5852703.5703 2827361.7163 23471570.3283 382362402.8302
290913.7131 5829991.8798 2809723.8444 23468923.2820 382362542.7126
290916.3034 5807393.8717 2792191.2718 23466296.2140 382362681.5210
290918.8742 5784908.8355 2774763.2817 23463688.9501 382362819.2650
290921.4257 5762536.0654 2757439.1626 23461101.3181 382362955.9540
290923.9579 5740274.8604 2740218.2082 23458533.1473 382363091.5975
 -1112466.7226 19807765.6594 382538330.0145
294525.4521 6475834.2734 -1123632.8872 19804917.0620 382538452.9709
294528.2404 6447372.2072 -1134711.4854 19802087.6633 382538575.0774
294531.0100 6419031.1652 -1145703.1292 19799277.3024 382538696.3414
294533.7609 6390810.4355 -1156608.4255 19796485.8200 382538816.7702
294536.4934 6362709.3112 -1167427.9766 19793713.0579 382538936.3709
294539.2076 6334727.0903 -1178162.3797 19790958.8599 382539055.1509
294541.9037 6306863.0763 -1188812.2273 19788223.0710 382539173.1170
294544.5817 6279116.5764 -1199378.1070 19785505.5377 382539290.2765
294547.2419 6251486.9034 -1209860.6021 19782806.1080 382539406.6361
