10.0000 218556898.2279 260468147.2045 283403162.4436 259707461.6829
143.4530 218648947.1197 260576848.7106 283311894.1430 259807022.6599
632.2577 218985940.7156 260974591.4709 282977299.1296 260171412.0413
1564.0446 219627669.4512 261731040.3646 282338161.2931 260864823.0270
2839.3342 220504638.4569 262762649.3617 281460617.7250 261811283.0992
4310.9441 221514875.2887 263947780.5649 280443991.7925 262899729.4454
5863.8055 222579135.0698 265192249.2941 279366614.0394 264043939.5964
7425.9682 223648262.0727 266437900.4974 278278013.3641 265190495.1151
8957.0988 224695019.2683 267652743.9576 277206413.1907 266309867.7671
10436.2012 225705485.3379 268820640.8538 276166895.7585 267387043.6191
11853.2760 226673249.1131 269934364.7441 275166994.6956 268415196.8361
13204.4020 227596004.4975 270991541.2739 274210016.6022 269391978.8657
14488.9880 228473659.0614 271992397.5801 273296910.0881 270317456.2507
15708.2608 229307301.2758 272938535.7937 272427301.8457 271192983.4241
16864.4302 230098635.1236 273832262.8843 271600074.9104 272020584.4703
17960.2188 230849666.2460 274676219.4723 270813698.1226 272802608.9910
18998.5914 231562524.3058 275473170.3983 270066419.3433 273541536.6530
19982.5947 232239360.5009 276225884.5045 269356382.4187 274239863.9980
20915.2606 232882287.6946 276937065.0156 268681700.0500 274900038.1051
21799.5471 233493345.5284 277609309.5828 268040500.1251 275524417.8633
22638.3031 234074480.6868 278245088.3101 267430955.3856 276115252.0929
23434.2471 234627536.6379 278846733.0037 266851302.2174 276674668.2645
24189.9567 235154249.4381 279416433.5711 266299852.1068 277204668.0352
24907.8643 235656247.4614 279956239.0123 265774998.0468 277707127.2122
25590.2570 236135053.6648 280468061.3421 265275217.4237 278183798.5852
26239.2796 236592089.4561 280953681.3264 264799072.4513 278636316.5711
26856.9401 237028679.5392 281414755.2859 264345208.8998 279066202.9600
27445.1152 237446057.2887 281852822.4388 263912353.6799 279474873.2542
28005.5575 237845370.3618 282269312.4344 263499311.6678 279863643.2645
28539.9028 238227686.3351 282665552.8353 263104962.0683 280233735.7239
29049.6772 238593998.2310 283042776.3877 262728254.5248 280586286.7603
29536.3043 238945229.8424 283402127.9819 262368205.1235 280922352.1283
30001.1121 239282240.7964 283744671.2374 262023892.4099 281242913.1293
30445.3396 239605831.3332 284071394.6893 261694453.4763 281548882.1953
30870.1434 239916746.7735 284383217.5528 261379080.1913 281841108.1063
31276.6032 240215681.6839 284680995.0800 261077015.5853 282120380.8520
31665.7275 240503283.7409 284965523.5163 260787550.4214 282387436.1396
32038.4587 240780157.3024 285237544.6710 260510019.9606 282642959.5592
32395.6783 241046866.7071 285497750.1298 260243800.9200 282887590.4293
32738.2107 241303939.3080 285746785.1228 259988308.6323 283121925.3329
33066.8280 241551868.2724 285985252.0854 259742994.3842 283346521.3773
33382.2531 241791115.1473 286213713.9184 259507342.9475 283561899.1831
33685.1639 242022112.2223 286432696.9857 259280870.2767 283768545.6335
33976.1961 242245264.6984 286642693.8608 259063121.3723 283966916.3980
34255.9466 242460952.6808 286844165.8489 258853668.2979 284157438.2508
34524.9757 242669533.0096 287037545.2996 258652108.3412 284340511.1979
34783.8102 242871340.9413 287223237.7297 258458062.3091 284516510.4327
35032.9455 243066691.6947 287401623.7725 258271172.9478 284685788.1310
35272.8476 243255881.8718 287573060.9671 258091103.4796 284848675.1015
35503.9557 243439190.7674 287737885.4062 257917536.2437 285005482.3052
35726.6832 243616881.5707 287896413.2469 257750171.4411 285156502.2498
35941.4204 243789202.4750 288048942.1041 257588725.9671 285302010.2771
36148.5350 243956387.6993 288195752.3321 257432932.3309 285442265.7458
36348.3744 244118658.4291 288337108.2048 257282537.6535 285577513.1231
36541.2669 244276223.6901 288473259.0084 257137302.7333 285707982.9944
36727.5225 244429281.1442 288604440.0398 256997001.1886 285833892.9873
36907.4346 244578017.8391 288730873.5411 256861418.6484 285955448.6354
37081.2808 244722610.8912 288852769.5545 256730352.0090 286072844.1698
37249.3238 244863228.1195 288970326.7134 256603608.7424 286186263.2513
37411.8126 245000028.6363 289083732.9782 256481006.2491 286295879.6522
37568.9832 245133163.3915 289193166.3153 256362371.2581 286401857.8843
37721.0594 245262775.6773 289298795.3262 256247539.2694 286504353.7822
37868.2537 245389001.5996 289400779.8321 256136354.0310 286603515.0447
38010.7676 245511970.5136 289499271.4170 256028667.0537 286699481.7383
38148.7927 245631805.4281 289594413.9291 255924337.1593 286792386.7618
38282.5110 245748623.3831 289686343.9500 255823230.0570 286882356.2812
38412.0954 245862535.8008 289775191.2300 255725217.9486 286969510.1330
38537.7108 245973648.8145 289861079.0942 255630179.1581 287053962.2017
38659.5137 246082063.5712 289944124.8191 255537997.7886 287135820.7677
38777.6533 246187876.5169 290024439.9840 255448563.3988 287215188.8346
38892.2717 246291179.6632 290102130.8010 255361770.7000 287292164.4340
39003.5044 246392060.8309 290177298.4174 255277519.2769 287366840.9069
39111.4805 246490603.8888 290250039.2075 255195713.3168 287439307.1741
39216.3231 246586888.9629 290320445.0336 255116261.3672 287509647.9782
39318.1499 246680992.6474 290388603.5027 255039076.0963 287577944.1220
39417.0729 246772988.1887 290454598.1957 254964074.0790 287644272.6810
39513.1994 246862945.6640 290518508.8864 254891175.5911 287708707.2072
39606.6317 246950932.1515 290580411.7501 254820304.4138 287771317.9214
39697.4677 247037011.8864 290640379.5545 254751387.6526 287832171.8918
39785.8009 247121246.4069 290698481.8400 254684355.5677 287891333.2003
39871.7209 247203694.6933 290754785.0893 254619141.4127 287948863.1008
39955.3132 247284413.2934 290809352.8839 254555681.2870 288004820.1631
40036.6599 247363456.4531 290862246.0590 254493913.9864 288059260.4182
40115.8395 247440876.2237 290913522.8390 254433780.8755 288112237.4829
40192.9271 247516722.5776 290963238.9748 254375225.7550 288163802.6879
40267.9947 247591043.5027 291011447.8628 254318194.7483 288214005.1882
40341.1115 247663885.1018 291058200.6651 254262636.1861 288262892.0738
40412.3438 247735291.6880 291103546.4218 254208500.4968 288310508.4756
40481.7549 247805305.8615 291147532.1506 254155740.1125 288356897.6563
40549.4058 247873968.5962 291190202.9480 254104309.3698 288402101.1049
40615.3551 247941319.3152 291231602.0819 254054164.4201 288446158.6228
40679.6590 248007395.9603 291271771.0770 254005263.1472 288489108.4028
40742.3713 248072235.0633 291310749.7995 253957565.0846 288530987.1080
40803.5439 248135871.8086 291348576.5344 253911031.3401 288571829.9431
40863.2267 248198340.0938 291385288.0587 253865624.5250 288611670.7225
40921.4674 248259672.5901 291420919.7125 253821308.6834 288650541.9369
40978.3121 248319900.7969 291455505.4655 253778049.2278 288688474.8144
41033.8051 248379055.0877 291489077.9760 253735812.8818 288725499.3748
41087.9890 248437164.7649 291521668.6531 253694567.6181 288761644.4882
41140.9048 248494258.1058 291553307.7125 253654282.6037 288796937.9264
41192.5920 248550362.4077 291584024.2303 253614928.1469 288831406.4133
41243.0885 248605504.0263 291613846.1914 253576475.6501 288865075.6688
41292.4310 248659708.4180 291642800.5385 253538897.5604 288897970.4552
41340.6547 248713000.1798 291670913.2187 253502167.3241 288930114.6203
41387.7936 248765403.0789 291698209.2233 253466259.3476 288961531.1336
41433.8804 248816940.0927 291724712.6313 253431148.9534 288992242.1277
41478.9468 248867633.4367 291750446.6467 253396812.3442 289022268.9317
41523.0231 248917504.6026 291775433.6382 253363226.5615 289051632.1096
41566.1387 248966574.3835 291799695.1728 253330369.4536 289080351.4902
41608.3221 249014862.8987 291823252.0472 253298219.6444 289108446.1967
41649.6004 249062389.6253 291846124.3221 253266756.4979 289135934.6786
41690.0002 249109173.4223 291868331.3520 253235960.0900 289162834.7389
41729.5468 249155232.5560 291889891.8141 253205811.1777 289189163.5618
41768.2650 249200584.7197 291910823.7346 253176291.1746 289214937.7362
41806.1785 249245247.0619 291931144.5172 253147382.1205 289240173.2829
41843.3103 249289236.1994 291950870.9647 253119066.6617 289264885.6737
41879.6825 249332568.2420 291970019.3046 253091328.0238 289289089.8560
41915.3166 249375258.8121 291988605.2122 253064149.9888 289312800.2738
41950.2334 249417323.0619 292006643.8316 253037516.8743 289336030.8872
41984.4530 249458775.6935 292024149.7969 253011413.5109 289358795.1930
42017.9946 249499630.9711 292041137.2511 252985825.2250 289381106.2404
42050.8772 249539902.7429 292057619.8660 252960737.8166 289402976.6516
42083.1188 249579604.4489 292073610.8579 252936137.5454 289424418.6345
42114.7370 249618749.1420 292089123.0073 252912011.1094 289445444.0022
42145.7489 249657349.5004 292104168.6743 252888345.6297 289466064.1868
42176.1710 249695417.8368 292118759.8129 252865128.6371 289486290.2524
42206.0190 249732966.1198 292132907.9892 252842348.0513 289506132.9129
42235.3086 249770005.9797 292146624.3929 252819992.1704 289525602.5426
42264.0547 249806548.7217 292159919.8523 252798049.6566 289544709.1886
42292.2718 249842605.3401 292172804.8476 252776509.5205 289563462.5857
42319.9739 249878186.5223 292185289.5214 252755361.1127 289581872.1634
42347.1747 249913302.6658 292197383.6933 252734594.1076 289599947.0614
42373.8874 249947963.8843 292209096.8695 252714198.4936 289617696.1376
42400.1248 249982180.0217 292220438.2559 252694164.5597 289635127.9812
42425.8992 250015960.6553 292231416.7663 252674482.8877 289652250.9191
42451.2228 250049315.1101 292242041.0344 252655144.3390 289669073.0281
42476.1073 250082252.4667 292252319.4234 252636140.0449 289685602.1439
42500.5639 250114781.5625 292262260.0330 252617461.4007 289701845.8661
42524.6038 250146911.0131 292271870.7126 252599100.0491 289717811.5734
42548.2375 250178649.2054 292281159.0654 252581047.8797 289733506.4242
42571.4755 250210004.3157 292290132.4599 252563297.0138 289748937.3698
42594.3279 250240984.3058 292298798.0345 252545839.8030 289764111.1566
42616.8044 250271596.9383 292307162.7080 252528668.8161 289779034.3370
42638.9146 250301849.7814 292315233.1856 252511776.8327 289793713.2757
42660.6676 250331750.2172 292323015.9673 252495156.8346 289808154.1571
42682.0725 250361305.4417 292330517.3523 252478802.0023 289822362.9889
42703.1380 250390522.4734 292337743.4465 252462705.7070 289836345.6090
42723.8726 250419408.1595 292344700.1689 252446861.5032 289850107.6923
42744.2845 250447969.1812 292351393.2575 252431263.1227 289863654.7557
42764.3817 250476212.0559 292357828.2741 252415904.4706 289876992.1626
42784.1721 250504143.1476 292364010.6113 252400779.6160 289890125.1300
42803.6633 250531768.6639 292369945.4961 252385882.7914 289903058.7305
42822.8626 250559094.6729 292375637.9974 252371208.3797 289915797.9024
42841.7772 250586127.0953 292381093.0282 252356750.9168 289928347.4486
42860.4141 250612871.7092 292386315.3507 252342505.0856 289940712.0416
42878.7801 250639334.1704 292391309.5838 252328465.7029 289952896.2349
42896.8819 250665519.9936 292396080.2033 252314627.7268 289964904.4567
42914.7259 250691434.5672 292400631.5477 252300986.2465 289976741.0193
42932.3185 250717083.1590 292404967.8231 252287536.4770 289988410.1231
42949.6656 250742470.9223 292409093.1070 252274273.7535 289999915.8622
42966.7734 250767602.8829 292413011.3498 252261193.5362 290011262.2201
42983.6476 250792483.9659 292416726.3815 252248291.3940 290022453.0837
43000.2939 250817118.9754 292420241.9122 252235563.0133 290033492.2365
43016.7178 250841512.6182 292423561.5381 252223004.1834 290044383.3703
43032.9248 250865669.4903 292426688.7424 252210610.8018 290055130.0815
43048.9200 250889594.0888 292429626.8996 252198378.8661 290065735.8781
43064.7086 250913290.8178 292432379.2791 252186304.4691 290076204.1835
43080.2957 250936763.9777 292434949.0459 252174383.8027 290086538.3339
43095.6860 250960017.7810 292437339.2655 252162613.1482 290096741.5863
43110.8845 250983056.3502 292439552.9056 252150988.8755 290106817.1194
43125.8956 251005883.7177 292441592.8387 252139507.4415 290116768.0352
43140.7240 251028503.8269 292443461.8441 252128165.3884 290126597.3602
43155.3741 251050920.5393 292445162.6111 252116959.3383 290136308.0506
43169.8502 251073137.6359 292446697.7412 252105885.9911 290145902.9936
43184.1566 251095158.8164 292448069.7498 252094942.1232 290155385.0091
43198.2973 251116987.7090 292449281.0691 252084124.5822 290164756.8543
43212.2765 251138627.8566 292450334.0491 252073430.2911 290174021.2195
43226.0981 251160082.7327 292451230.9603 252062856.2401 290183180.7361
43239.7659 251181355.7371 292451973.9956 252052399.4871 290192237.9756
43253.2837 251202450.1953 292452565.2718 252042057.1566 290201195.4508
43266.6553 251223369.3685 292453006.8320 252031826.4340 290210055.6211
43279.8841 251244116.4515 292453300.6468 252021704.5651 290218820.8922
43292.9739 251264694.5737 292453448.6161 252011688.8546 290227493.6182
43305.9279 251285106.7896 292453452.5708 252001776.6697 290236076.0981
43318.7496 251305356.0980 292453314.2744 251991965.4295 290244570.5852
43331.4424 251325445.4364 292453035.4243 251982252.6069 290252979.2854
43344.0093 251345377.6756 292452617.6537 251972635.7299 290261304.3560
43356.4538 251365155.6290 292452062.5328 251963112.3764 290269547.9106
43368.7787 251384782.0547 292451371.5699 251953680.1719 290277712.0206
43380.9873 251404259.6465 292450546.2134 251944336.7931 290285798.7125
43393.0824 251423591.0469 292449587.8526 251935079.9608 290293809.9741
43405.0670 251442778.8363 292448497.8193 251925907.4438 290301747.7508
43416.9440 251461825.5480 292447277.3889 251916817.0511 290309613.9526
43428.7161 251480733.6521 292445927.7818 251907806.6388 290317410.4482
43440.3862 251499505.5654 292444450.1648 251898874.1041 290325139.0701
43451.9570 251518143.6576 292442845.6518 251890017.3822 290332801.6175
43463.4310 251536650.2449 292441115.3048 251881234.4479 290340399.8547
43474.8110 251555027.5910 292439260.1358 251872523.3146 290347935.5120
43486.0994 251573277.9054 292437281.1081 251863882.0341 290355410.2858
43497.2987 251591403.3497 292435179.1362 251855308.6935 290362825.8421
43508.4115 251609406.0373 292432955.0877 251846801.4136 290370183.8165
43519.4401 251627288.0239 292430609.7855 251838358.3537 290377485.8114
43530.3869 251645051.3216 292428144.0068 251829977.7033 290384733.4023
43541.2542 251662697.8923 292425558.4855 251821657.6852 290391928.1355
43552.0443 251680229.6429 292422853.9141 251813396.5568 290399071.5272
43562.7595 251697648.4404 292420030.9423 251805192.6022 290406165.0697
43573.4020 251714956.1004 292417090.1801 251797044.1373 290413210.2279
43583.9739 251732154.3879 292414032.1988 251788949.5085 290420208.4395
43594.4773 251749245.0193 292410857.5318 251780907.0912 290427161.1168
43604.9144 251766229.6589 292407566.6768 251772915.2910 290434069.6460
43615.2871 251783109.9289 292404160.0946 251764972.5382 290440935.3910
43625.5976 251799887.4016 292400638.2121 251757077.2912 290447759.6918
43635.8478 251816563.5931 292397001.4247 251749228.0384 290454543.8613
43646.0396 251833139.9793 292393250.0943 251741423.2908 290461289.1932
43656.1750 251849617.9824 292389384.5536 251733661.5874 290467996.9565
43666.2558 251865998.9777 292385405.1055 251725941.4915 290474668.3986
43676.2839 251882284.2873 292381312.0263 251718261.5933 290481304.7437
43686.2611 251898475.1844 292377105.5657 251710620.5077 290487907.1944
43696.1891 251914572.8954 292372785.9480 251703016.8723 290494476.9330
43706.0698 251930578.5954 292368353.3743 251695449.3497 290501015.1203
43715.9048 251946493.4100 292363808.0235 251687916.6258 290507522.8966
43725.6959 251962318.4105 292359150.0555 251680417.4120 290514001.3798
43735.4446 251978054.6209 292354379.6101 251672950.4415 290520451.6689
43745.1526 251993703.0112 292349496.8113 251665514.4719 290526874.8413
43754.8215 252009264.5023 292344501.7667 251658108.2832 290533271.9552
43764.4530 252024739.9615 292339394.5709 251650730.6791 290539644.0477
43774.0484 252040130.2066 292334175.3060 251643380.4850 290545992.1371
43783.6093 252055436.0023 292328844.0441 251636056.5497 290552317.2213
43793.1372 252070658.0644 292323400.8480 251628757.7430 290558620.2797
43802.6335 252085797.0550 292317845.7744 251621482.9583 290564902.2716
43812.0997 252100853.5842 292312178.8752 251614231.1109 290571164.1228
45888.0436 250488321.7765 293705183.7657 250020076.7980 291939978.5834
45897.6465 250503000.1937 293699223.6391 250012684.9360 291946289.9646
45907.2174 250517592.9491 293693152.5163 250005317.5636 291952580.1103
45916.7577 250532100.5471 293686970.4609 249997973.6031 291958849.9439
45926.2687 250546523.4474 293680677.5329 249990651.9966 291965100.3716
45935.7519 250560862.0621 293674273.7915 249983351.7074 291971332.2814
45945.2084 250575116.7590 293667759.2959 249976071.7184 291977546.5441
45954.6397 250589287.8571 293661134.1088 249968811.0344 291983744.0121
45964.0470 250603375.6329 293654398.2957 249961568.6790 291989925.5210
45973.4315 250617380.3171 293647551.9282 249954343.6965 291996091.8891
45982.7945 250631302.0966 293640595.0852 249947135.1508 292002243.9173
45992.1371 250645141.1200 293633527.8518 249939942.1230 292008382.3922
46001.4605 250658897.4884 293626350.3259 249932763.7164 292014508.0808
46010.7659 250672571.2660 293619062.6153 249925599.0511 292020621.7358
46020.0543 250686162.4786 293611664.8396 249918447.2651 292026724.0946
46029.3269 250699671.1154 293604157.1317 249911307.5139 292032815.8794
46038.5848 250713097.1299 293596539.6389 249904178.9699 292038897.7977
46047.8290 250726440.4408 293588812.5244 249897060.8229 292044970.5422
46057.0605 250739700.9381 293580975.9654 249889952.2768 292051034.7935
46066.2804 250752878.4829 293573030.1552 249882852.5502 292057091.2193
46075.4896 250765972.9067 293564975.3050 249875760.8775 292063140.4738
46084.6891 250778984.0149 293556811.6437 249868676.5069 292069183.1992
46093.8799 250791911.5932 293548539.4153 249861598.6979 292075220.0282
46103.0630 250804755.4084 293540158.8797 249854526.7210 292081251.5836
46112.2392 250817515.2052 293531670.3163 249847459.8601 292087278.4771
46121.4095 250830190.7173 293523074.0177 249840397.4065 292093301.3135
46130.5748 250842781.6683 293514370.2903 249833338.6592 292099320.6913
46139.7360 250855287.7688 293505559.4570 249826282.9266 292105337.2006
46148.8940 250867708.7240 293496641.8530 249819229.5229 292111351.4267
46158.0497 250880044.2334 293487617.8263 249812177.7682 292117363.9494
46167.2039 250892293.9964 293478487.7347 249805126.9861 292123375.3458
46176.3575 250904457.7171 293469251.9421 249798076.5010 292129386.1918
46185.5114 250916535.0956 293459910.8253 249791025.6434 292135397.0584
46194.6665 250928525.8417 293450464.7639 249783973.7420 292141408.5177
46203.8236 250940429.6779 293440914.1374 249776920.1223 292147421.1445
46212.9836 250952246.3349 293431259.3284 249769864.1092 292153435.5141
46222.1475 250963975.5523 293421500.7217 249762805.0266 292159452.2025
46231.3160 250975617.0882 293411638.6959 249755742.1917 292165471.7911
46240.4901 250987170.7163 293401673.6246 249748674.9166 292171494.8658
46249.6706 250998636.2275 293391605.8747 249741602.5072 292177522.0176
46258.8585 251010013.4336 293381435.8009 249734524.2606 292183553.8447
46268.0548 251021302.1654 293371163.7475 249727439.4661 292189590.9521
46277.2603 251032502.2768 293360790.0420 249720347.4022 292195633.9537
46286.4760 251043613.6418 293350314.9970 249713247.3380 292201683.4713
46295.7028 251054636.1571 293339738.9058 249706138.5312 292207740.1364
46304.9418 251065569.7441 293329062.0390 249699020.2260 292213804.5916
46314.1939 251076414.3477 293318284.6434 249691891.6538 292219877.4908
46323.4601 251087169.9370 293307406.9392 249684752.0311 292225959.4998
46332.7415 251097836.5021 293296429.1214 249677600.5617 292232051.2957
46342.0392 251108414.0578 293285351.3534 249670436.4329 292238153.5689
46351.3542 251118902.6420 293274173.7669 249663258.8161 292244267.0239
46360.6876 251129302.3139 293262896.4609 249656066.8666 292250392.3781
46370.0404 251139613.1532 293251519.5004 249648859.7234 292256530.3631
46379.4140 251149835.2585 293240042.9160 249641636.5095 292262681.7237
46388.8093 251159968.7474 293228466.7011 249634396.3304 292268847.2196
46398.2277 251170013.7605 293216790.8051 249627138.2705 292275027.6282
46407.6703 251179970.4485 293205015.1450 249619861.4008 292281223.7383
46417.1383 251189838.9831 293193139.5912 249612564.7699 292287436.3574
46426.6330 251199619.5433 293181163.9806 249605247.4132 292293666.3043
46436.1557 251209312.3260 293169088.1019 249597908.3434 292299914.4166
46445.7076 251218917.5409 293156911.6986 249590546.5532 292306181.5493
46455.2901 251228435.4059 293144634.4727 249583161.0174 292312468.5719
46464.9046 251237866.1453 293132256.0844 249575750.6928 292318776.3692
46474.5524 251247209.9880 293119776.1523 249568314.5187 292325105.8408
46484.2350 251256467.1757 293107194.2403 249560851.4091 292331457.9077
46493.9537 251265637.9452 293094509.8783 249553360.2648 292337833.5017
46503.7100 251274722.5403 293081722.5446 249545839.9633 292344233.5744
46513.5054 251283721.2029 293068831.6752 249538289.3640 292350659.0925
46523.3414 251292634.1737 293055836.6615 249530707.3069 292357111.0389
46533.2196 251301461.6942 293042736.8441 249523092.6089 292363590.4162
46543.1414 251310203.9954 293029531.5282 249515444.0725 292370098.2387
46553.1084 251318861.3100 293016219.9631 249507760.4737 292376635.5432
46563.1224 251327433.8576 293002801.3621 249500040.5739 292383203.3788
46573.1848 251335921.8530 292989274.8882 249492283.1103 292389802.8146
46583.2973 251344325.5020 292975639.6587 249484486.7995 292396434.9372
46593.4618 251352644.9968 292961894.7503 249476650.3392 292403100.8489
46603.6797 251360880.5230 292948039.1858 249468772.4010 292409801.6741
46613.9530 251369032.2454 292934071.9560 249460851.6421 292416538.5490
46624.2834 251377100.3207 292919991.9962 249452886.6917 292423312.6332
46634.6726 251385084.8880 292905798.2011 249444876.1594 292430125.1031
46645.1225 251392986.0662 292891489.4267 249436818.6353 292436977.1510
46655.6350 251400803.9614 292877064.4766 249428712.6825 292443869.9921
46666.2120 251408538.6606 292862522.1103 249420556.8408 292450804.8608
46676.8553 251416190.2280 292847861.0497 249412349.6302 292457783.0083
46687.5669 251423758.7103 292833079.9654 249404089.5431 292464805.7089
46698.3488 251431244.1298 292818177.4907 249395775.0506 292471874.2544
46709.2030 251438646.4873 292803152.2124 249387404.5982 292478989.9583
46720.1315 251445965.7618 292788002.6704 249378976.6042 292486154.1567
46731.1365 251453201.9073 292772727.3616 249370489.4618 292493368.2068
46742.2200 251460354.8510 292757324.7434 249361941.5398 292500633.4859
46753.3842 251467424.4987 292741793.2188 249353331.1752 292507951.3982
46764.6312 251474410.7251 292726131.1571 249344656.6824 292515323.3665
46775.9633 251481313.3822 292710336.8718 249335916.3421 292522750.8420
46787.3828 251488132.2912 292694408.6381 249327108.4088 292530235.2976
46798.8919 251494867.2452 292678344.6844 249318231.1070 292537778.2313
46810.4930 251501518.0062 292662143.1983 249309282.6327 292545381.1647
46822.1884 251508084.3086 292645802.3146 249300261.1470 292553045.6489
46833.9806 251514565.8549 292629320.1253 249291164.7806 292560773.2601
46845.8720 251520962.3151 292612694.6777 249281991.6324 292568565.6011
46857.8651 251527273.3294 292595923.9668 249272739.7640 292576424.3056
46869.9625 251533498.5034 292579005.9438 249263407.2049 292584351.0345
46882.1668 251539637.4099 292561938.5105 249253991.9475 292592347.4794
46894.4805 251545689.5874 292544719.5192 249244491.9473 292600415.3626
46906.9065 251551654.5389 292527346.7755 249234905.1233 292608556.4369
46919.4473 251557531.7317 292509818.0352 249225229.3555 292616772.4877
46932.1059 251563320.5969 292492131.0030 249215462.4840 292625065.3335
46944.8851 251569020.5279 292474283.3347 249205602.3088 292633436.8262
46957.7877 251574630.8815 292456272.6304 249195646.5859 292641888.8545
46970.8167 251580150.9748 292438096.4411 249185593.0298 292650423.3417
46983.9752 251585580.0866 292419752.2614 249175439.3087 292659042.2494
46997.2661 251590917.4551 292401237.5328 249165183.0458 292667747.5768
47010.6927 251596162.2778 292382549.6411 249154821.8170 292676541.3628
47024.2580 251601313.7095 292363685.9192 249144353.1512 292685425.6848
47037.9654 251606370.8628 292344643.6422 249133774.5273 292694402.6623
47051.8182 251611332.8075 292325420.0247 249123083.3716 292703474.4584
47065.8198 251616198.5688 292306012.2233 249112277.0582 292712643.2795
47079.9736 251620967.1268 292286417.3341 249101352.9070 292721911.3775
47094.2831 251625637.4150 292266632.3934 249090308.1827 292731281.0496
47108.7521 251630208.3202 292246654.3730 249079140.0919 292740754.6418
47123.3840 251634678.6808 292226480.1831 249067845.7830 292750334.5482
47138.1828 251639047.2869 292206106.6645 249056422.3415 292760023.2152
47153.1522 251643312.8778 292185530.5943 249044866.7918 292769823.1402
47168.2961 251647474.1413 292164748.6826 249033176.0944 292779736.8735
47183.6186 251651529.7130 292143757.5698 249021347.1433 292789767.0204
47199.1238 251655478.1747 292122553.8259 249009376.7649 292799916.2428
47214.8158 251659318.0543 292101133.9454 248997261.7130 292810187.2623
47230.6990 251663047.8233 292079494.3500 248984998.6705 292820582.8600
47246.7776 251666665.8955 292057631.3870 248972584.2461 292831105.8779
47263.0562 251670170.6266 292035541.3244 248960014.9712 292841759.2225
47279.5393 251673560.3121 292013220.3525 248947287.2992 292852545.8650
47296.2316 251676833.1864 291990664.5768 248934397.6000 292863468.8455
47313.1379 251679987.4204 291967870.0237 248921342.1623 292874531.2716
47330.2631 251683021.1209 291944832.6337 248908117.1881 292885736.3228
47347.6122 251685932.3284 291921548.2608 248894718.7912 292897087.2514
47365.1903 251688719.0163 291898012.6678 248881142.9927 292908587.3866
47383.0026 251691379.0883 291874221.5244 248867385.7189 292920240.1361
47401.0546 251693910.3774 291850170.4069 248853442.7992 292932048.9877
47419.3518 251696310.6431 291825854.7979 248839309.9648 292944017.5104
47437.8996 251698577.5705 291801270.0798 248824982.8428 292956149.3593
47456.7041 251700708.7675 291776411.5326 248810456.9538 292968448.2777
47475.7709 251702701.7637 291751274.3350 248795727.7103 292980918.0978
47495.1063 251704554.0072 291725853.5585 248780790.4119 292993562.7454
47514.7163 251706262.8637 291700144.1608 248765640.2399 293006386.2440
47534.6074 251707825.6131 291674140.9932 248750272.2587 293019392.7132
47554.7860 251709239.4477 291647838.7881 248734681.4078 293032586.3762
47575.2588 251710501.4698 291621232.1614 248718862.5004 293045971.5598
47596.0327 251711608.6890 291594315.6050 248702810.2172 293059552.7005
47617.1147 251712558.0198 291567083.4863 248686519.1040 293073334.3456
47638.5120 251713346.2785 291539530.0458 248669983.5680 293087321.1569
47660.2319 251713970.1809 291511649.3920 248653197.8728 293101517.9142
47682.2821 251714426.3391 291483435.4965 248636156.1325 293115929.5203
47704.6702 251714711.2586 291454882.1909 248618852.3084 293130561.0040
47727.4043 251714821.3350 291425983.1629 248601280.2032 293145417.5243
47750.4925 251714752.8510 291396731.9549 248583433.4583 293160504.3727
47773.9432 251714501.9727 291367121.9569 248565305.5466 293175826.9792
47797.7650 251714064.7467 291337146.4015 248546889.7667 293191390.9172
47821.9668 251713437.0957 291306798.3634 248528179.2399 293207201.9051
47846.5577 251712614.8153 291276070.7497 248509166.9014 293223265.8144
47871.5469 251711593.5701 291244956.2986 248489845.4962 293239588.6724
47896.9440 251710368.8893 291213447.5715 248470207.5715 293256176.6686
47922.7588 251708936.1626 291181536.9485 248450245.4705 293273036.1593
47949.0016 251707290.6361 291149216.6280 248429951.3289 293290173.6711
47975.6825 251705427.4077 291116478.6163 248409317.0650 293307595.9080
48002.8123 251703341.4221 291083314.7226 248388334.3731 293325309.7577
48030.4020 251701027.4660 291049716.5463 248366994.7115 293343322.3003
48058.4628 251698480.1632 291015675.4841 248345289.3037 293361640.8081
48087.0063 251695693.9695 290981182.7186 248323209.1272 293380272.7540
48116.0443 251692663.1667 290946229.2058 248300744.9009 293399225.8218
48145.5892 251689381.8571 290910805.6724 248277887.0801 293418507.9105
48175.6535 251685843.9580 290874902.6112 248254625.8484 293438127.1402
48206.2501 251682043.1948 290838510.2692 248230951.1061 293458091.8621
48237.3924 251677973.0951 290801618.6397 248206852.4602 293478410.6657
48269.0941 251673626.9819 290764217.4582 248182319.2169 293499092.3853
48301.3693 251668997.9669 290726296.1937 248157340.3712 293520146.1081
48334.2325 251664078.9430 290687844.0358 248131904.5931 293541581.1854
48367.6986 251658862.5769 290648849.8904 248106000.2195 293563407.2386
48401.7830 251653341.3016 290609302.3680 248079615.2408 293585634.1701
48436.5016 251647507.3077 290569189.7729 248052737.2885 293608272.1736
48471.8706 251641352.5351 290528500.0928 248025353.6217 293631331.7439
48507.9068 251634868.6647 290487220.9936 247997451.1180 293654823.6847
48544.6276 251628047.1085 290445339.8008 247969016.2541 293678759.1239
48582.0508 251620879.0010 290402843.4961 247940035.0977 293703149.5198
48620.1947 251613355.1885 290359718.7003 247910493.2884 293728006.6764
48659.0782 251605466.2192 290315951.6624 247880376.0231 293753342.7545
48698.7209 251597202.3314 290271528.2449 247849668.0395 293779170.2853
48739.1429 251588553.4436 290226433.9133 247818353.6001 293805502.1826
48780.3649 251579509.1421 290180653.7220 247786416.4754 293832351.7559
48822.4082 251570058.6688 290134172.2987 247753839.9247 293859732.7258
48865.2951 251560190.9084 290086973.8301 247720606.6772 293887659.2383
48909.0481 251549894.3756 290039042.0465 247686698.9130 293916145.8803
48953.6908 251539157.1999 289990360.2030 247652098.2404 293945207.6968
48999.2473 251527967.1126 289940911.0658 247616785.6768 293974860.2063
49045.7428 251516311.4306 289890676.8924 247580741.6245 294005119.4189
49093.2030 251504177.0411 289839639.4142 247543945.8487 294036001.8542
49141.6545 251491550.3847 289787779.8154 247506377.4509 294067524.5616
49191.1249 251478417.4390 289735078.7170 247468014.8471 294099705.1370
49241.6425 251464763.6990 289681516.1499 247428835.7365 294132561.7475
49293.2368 251450574.1594 289627071.5364 247388817.0760 294166113.1509
49345.9379 251435833.2945 289571723.6673 247347935.0511 294200378.7179
49399.7774 251420525.0385 289515450.6795 247306165.0473 294235378.4545
49454.7876 251404632.7618 289458230.0255 247263481.6131 294271133.0303
49511.0018 251388139.2502 289400038.4522 247219858.4314 294307663.8007
49568.4549 251371026.6804 289340851.9711 247175268.2820 294344992.8351
49627.1825 251353276.5952 289280645.8291 247129683.0053 294383142.9453
49687.2217 251334869.8782 289219394.4821 247083073.4667 294422137.7124
49748.6108 251315786.7259 289157071.5591 247035409.5130 294462001.5198
49811.3895 251296006.6191 289093649.8317 246986659.9323 294502759.5843
49875.5987 251275508.2950 289029101.1836 246936792.4137 294544437.9859
49941.2809 251254269.7129 288963396.5665 246885773.4943 294587063.7089
50008.4801 251232268.0224 288896505.9653 246833568.5138 294630664.6754
50077.2418 251209479.5305 288828398.3635 246780141.5679 294675269.7810
50147.6131 251185879.6638 288759041.6969 246725455.4514 294720908.9374
50219.6430 251161442.9300 288688402.8083 246669471.6013 294767613.1153
50293.3821 251136142.8796 288616447.4070 246612150.0423 294815414.3850
50368.8828 251109952.0629 288543140.0169 246553449.3229 294864345.9647
50446.1995 251082841.9856 288468443.9270 246493326.4513 294914442.2677
50525.3886 251054783.0645 288392321.1416 246431736.8306 294965738.9511
50606.5086 251025744.5770 288314732.3229 246368634.1860 295018272.9695
50689.6202 250995694.6091 288235636.7273 246303970.4863 295072082.6335
50774.7864 250964600.0030 288154992.1516 246237695.8712 295127207.6633
50862.0725 250932426.3005 288072754.8660 246169758.5670 295183689.2506
50951.5464 250899137.6833 287988879.5478 246100104.8009 295241570.1215
51043.2785 250864696.9076 287903319.2041 246028678.7048 295300894.6074
51137.3419 250829065.2394 287816025.0999 245955422.2224 295361708.7128
51233.8128 250792202.3851 287726946.6806 245880275.0081 295424060.1885
51332.7700 250754066.4174 287636031.4879 245803174.3211 295487998.6088
51434.2956 250714613.6955 287543225.0678 245724054.9084 295553575.4564
51538.4751 250673798.7859 287448470.8828 245642848.8911 295620844.2038
51645.3971 250631574.3729 287351710.2103 245559485.6354 295689860.4066
51755.1540 250587891.1695 287252882.0430 245473891.6245 295760681.7952
51867.8419 250542697.8183 287151922.9753 245385990.3144 295833368.3775
51983.5606 250495940.7896 287048767.0896 245295701.9889 295907982.5427
52102.4144 250447564.2731 286943345.8338 245202943.6024 295984589.1722
52224.5116 250397510.0624 286835587.8913 245107628.6152 296063255.7565
52349.9651 250345717.4355 286725419.0478 245009666.8219 296144052.5152
52478.8925 250292123.0266 286612762.0481 244908964.1682 296227052.5257
52611.4165 250236660.6865 286497536.4360 244805422.5499 296312331.8638
52747.6648 250179261.3408 286379658.3977 244698939.6109 296399969.7440
52887.7708 250119852.8360 286259040.5885 244589408.5234 296490048.6715
53031.8734 250058359.7785 286135591.9539 244476717.7593 296582654.5993
53180.1179 249994703.3606 286009217.5332 244360750.8406 296677877.0999
53332.6557 249928801.1786 285879818.2575 244241386.0829 296775809.5402
53489.6448 249860567.0372 285747290.7290 244118496.3154 296876549.2716
53651.2506 249789910.7444 285611526.9950 243991948.5922 296980197.8248
53817.6456 249716737.8903 285472414.2984 243861603.8774 297086861.1220
53989.0102 249640949.6134 285329834.8179 243727316.7153 297196649.6970
54165.5329 249562442.3535 285183665.3936 243588934.8818 297309678.9269
54347.4112 249481107.5854 285033777.2299 243446299.0093 297426069.2800
54534.8512 249396831.5371 284880035.5815 243299242.1890 297545946.5770
54728.0691 249309494.8883 284722299.4190 243147589.5489 297669442.2668
54927.2909 249218972.4505 284560421.0729 242991157.8039 297796693.7179
55132.7535 249125132.8224 284394245.8500 242829754.7737 297927844.5297
55344.7051 249027838.0290 284223611.6358 242663178.8794 298063044.8535
55563.4058 248926943.1239 284048348.4497 242491218.5876 298202451.7475
55789.1281 248822295.7792 283868277.9936 242313651.8407 298346229.5339
56022.1583 248713735.8369 283683213.1550 242130245.4339 298494550.1897
56262.7964 248601094.8284 283492957.4726 241940754.3482 298647593.7619
56511.3574 248484195.4688 283297304.5799 241744921.0523 298805548.7949
56768.1722 248362851.1079 283096037.5984 241542474.7452 298968612.7939
57033.5883 248236865.1454 282888928.4913 241333130.5516 299136992.7107
57307.9709 248106030.4034 282675737.3719 241116588.6602 299310905.4598
57591.7040 247970128.4494 282456211.7550 240892533.3967 299490578.4686
57885.1913 247828928.8781 282230085.7678 240660632.2436 299676250.2515
58188.8578 247682188.5366 281997079.2979 240420534.7868 299868171.0206
58503.1506 247529650.6911 281756897.0747 240171871.5833 300066603.3352
58828.5407 247371044.1356 281509227.6924 239914252.9570 300271822.7830
59165.5240 247206082.2284 281253742.5492 239647267.6983 300484118.7086
59514.6234 247034461.8621 280990094.7192 239370481.6818 300703794.9743
59876.3898 246855862.3571 280717917.7401 239083436.3856 300931170.7637
60251.4045 246669944.2682 280436824.3066 238785647.3006 301166581.4330
60640.2807 246476348.0989 280146404.8617 238476602.2232 301410379.4103
61043.6655 246274692.9274 279846226.0981 238155759.4408 301662935.1304
61462.2422 246064574.9227 279535829.3378 237822545.7805 301924638.0246
61896.7323 245845565.7493 279214728.7924 237476354.5219 302195897.5559
62347.8985 245617210.8581 278882409.7037 237116543.1745 302477144.2951
62816.5463 245379027.6372 278538326.3302 236742431.0832 302768831.0562
63303.5278 245130503.4441 278181899.8137 236353296.9036 303071434.0531
63809.7437 244871093.4794 277812515.8729 235948375.8867 303385454.1122
64336.1467 244600218.5161 277429522.3462 235526857.0039 303711417.9092
64883.7447 244317262.4644 277032226.5614 235087879.8894 304049879.2349
65453.6041 244021569.7740 276619892.5362 234630531.6097 304401420.2702
66046.8533 243712442.6607 276191737.9951 234153843.2493 304766652.8668
66664.6861 243389138.1675 275746931.2202 233656786.3384 305146219.7954
67308.3657 243050865.0439 275284587.7141 233138269.1086 305540795.9597
67979.2287 242696780.4575 274803766.6973 232597132.6097 305951089.5322
68678.6881 242325986.5520 274303467.4591 232032146.7233 306377842.9648
69408.2380 241937526.8635 273782625.5763 231442006.1032 306821833.8353
70169.4569 241530382.6332 273240109.0497 230825326.1179 307283875.4513
70964.0109 241103469.0501 270141626.2265 228644487.0297 308902270.3017
73810.7381 240789954.2214 269450509.9199 227862497.3008 309476718.5593
74813.6270 240275163.6628 268727750.1396 227042731.0014 310075624.0058
75863.2477 239733329.9420 267971514.6375 226183048.5969 310700091.2626
76962.0538 239162809.7523 267179871.9397 225281206.5724 311351245.8206
78112.5872 238561870.3682 266350793.3728 224334862.4957 312030224.8257
79317.4641 237928692.4091 265482158.0289 223341583.9537 312738164.8833
80579.3556 237261375.6553 264571761.6201 222298862.5157 313476186.2180
81900.9602 236557948.8618 263617330.3624 221204134.0851 314245372.4489
83284.9669 235816384.6983 262616541.2438 220054807.2300 315046745.1809
84734.0081 235034621.1176 261567050.2105 218848301.2643 315881232.6061
86250.5982 234210590.5681 260466529.9177 217582095.9313 316749631.4051
87837.0582 233342258.4851 259312718.6641 216253794.4385 317652561.4678
89495.4241 232427672.3183 258103481.8633 214861201.1950 318590413.4096
91227.3398 231465021.8777 256836886.7566 213402414.7240 319563289.6062
93033.9348 230452710.8822 255511289.9104 211875934.7405 320570940.5779
94915.6935 229389438.2403 254125435.3396 210280780.2609 321612699.9689
96872.3212 228274285.6518 252678558.7036 208616612.7116 322687423.1034
98902.6192 227106805.8626 251170490.3135 206883854.8042 323793435.7756
101004.3829 225887103.6164 249601747.0237 205083792.9081 324928501.1823
103174.3396 224615899.6570 247973601.2542 203218648.7470 326089813.1333
105408.1390 223294567.7958 246288115.2954 201291606.5347 327274022.3042
107700.4101 221925136.6755 244548131.3875 199306784.9133 328477299.0841
110044.8841 220510251.6580 242757213.0189 197269149.3952 329695431.7495
112434.5789 219053097.6773 240919539.6531 195184369.3590 330923953.2430
114862.0277 217557289.7070 239039764.1407 193058632.0949 332158285.1163
117319.5288 216026742.2427 237122847.5776 190898432.7392 333393884.5112
119799.3923 214465531.5797 235173888.8332 188710361.4474 334626380.1688
122294.1602 212877764.2719 233197964.9962 186500907.4646 335851686.1890
124796.7864 211267462.4192 231199995.2239 184276294.7860 337066086.6417
127300.7662 209638472.3664 229184635.2611 182042357.5075 338266288.9278
129800.2174 207994399.1882 227156204.6750 179804456.5635 339449447.8546
132289.9162 206338565.8702 225118644.6905 177567434.5462 340613165.1263
134765.2982 204673993.8113 223075501.8807 175335602.2536 341755470.2183
137222.4325 203003400.1551 221029931.7969 173112749.3552 342874788.6908
139657.9780 201329207.3178 218984716.6358 170902171.7404 343969903.2759
142069.1308 199653560.5349 216942291.7441 168706709.0906 345039911.9827
144453.5668 197978350.0036 214904776.7911 166528787.5626 346084186.3006
146809.3843 196305235.0494 212874008.5442 164370463.8652 347102331.5263
149135.0499 194635668.4882 210851573.1227 162233468.1898 348094150.4066
151429.3485 192970920.0219 208838836.4308 160119244.4688 349059610.6468
153691.3381 191312097.9676 206836972.0337 158028987.1258 349998816.4175
155920.3099 189660168.9844 204846986.1712 155963673.9982 350911983.7171
158115.7536 188015975.6879 202869739.8648 153924095.4294 351799419.2947
160277.3275 186380252.2054 200905968.2610 151910879.7420 352661502.7597
162404.8323 184753637.7970 198956297.4236 149924515.3871 353498671.4934
164498.1893 183136688.7208 197021258.8416 147965370.1221 354311407.9801
166557.4212 181529888.5342 195101301.9277 146033707.5734 355100229.2112
168582.6361 179933657.0196 193196804.7628 144129701.5180 355865677.8487
170574.0138 178348357.9108 191308083.3287 142253448.1924 356608314.8771
172531.7940 176774305.5853 189435399.4457 140404976.9077 357328713.5063
174456.2665 175211770.8655 187578967.6022 138584259.2113 358027454.1267
176347.7629 173660986.0544 185738960.8408 136791216.8056 358705120.1456
178206.6487 172122149.3117 183915515.8353 135025728.3966 359362294.5638
180033.3180 170595428.4694 182108737.2862 133287635.6367 359999557.1711
181828.1876 169080964.3664 180318701.7341 131576748.2878 360617482.2585
183591.6929 167578873.7583 178545460.8631 129892848.7048 361216636.7702
185324.2838 166089251.8831 176789044.3927 128235695.7574 361797578.8136
187026.4214 164612174.7116 175049462.5967 126605028.2482 362360856.4787
188698.5755 163147700.9318 173326708.5067 125000567.9024 362907006.9125
190341.2218 161695873.7085 171620759.8543 123422021.9943 363436555.6070
191954.8401 160256722.2388 169931580.7739 121869085.6468 363950015.8676
193539.9123 158830263.1364 168259123.3079 120341443.8558 364447888.4321
195096.9212 157416501.6636 166603328.7366 118838773.2704 364930661.2157
196626.3487 156015432.8326 164964128.7587 117360743.7627 365398809.1597
198128.6753 154627042.3914 163341446.5405 115907019.8131 365852794.1694
199604.3787 153251307.7056 161735197.6476 114477261.7309 366293065.1235
201053.9333 151888198.5550 160145290.8801 113071126.7345 366720057.9446
202477.8091 150537677.8470 158571629.0164 111688269.9054 367134195.7187
203876.4716 149199702.2608 157014109.4786 110328345.0279 367535888.8564
205250.3811 147874222.8334 155472624.9341 108991005.3377 367925535.2859
206599.9923 146561185.4845 153947063.8308 107675904.1763 368303520.6736
207925.7540 145260531.4995 152437310.8860 106382695.5757 368670218.6647
209228.1086 143972197.9624 150943247.5206 105111034.7687 369025991.1421
210507.4923 142696118.1529 149464752.2555 103860578.6419 369371188.4961
211764.3347 141432221.9105 148001701.0722 102630986.1361 369706149.9035
212999.0586 140180435.9637 146553967.7361 101421918.5956 370031203.6141
214212.0799 138940684.2273 145121424.0854 100233040.0704 370346667.2419
215403.8077 137712888.0838 143703940.3043 99064017.5899 370652848.0559
216574.6442 136496966.6362 142301385.1664 97914521.3964 370950043.2727
217724.9845 135292836.9384 140913626.2524 96784225.1455 371238540.3488
218855.2167 134100414.2096 139540530.1542 95672806.0839 371518617.2693
219965.7221 132919612.0325 138181962.6603 94579945.2000 371790542.8340
221056.8749 131750342.5318 136837788.9214 93505327.3513 372054576.9400
222129.0426 130592516.5409 135507873.6045 92448641.3729 372310970.8588
223182.5857 129446043.7571 134192081.0345 91409580.1686 372559967.5089
224217.8579 128310832.8845 132890275.3240 90387840.7870 372801801.7222
225235.2064 127186791.7618 131602320.4877 89383124.4782 373036700.5050
226234.9715 126073827.4882 130328080.5548 88395136.7447 373264883.2928
227217.4871 124971846.5306 129067419.6625 87423587.3725 373486562.1985
228183.0807 123880754.8316 127820202.1513 86468190.4597 373701942.2544
229132.0733 122800457.9041 126586292.6463 85528664.4303 373911221.6472
230064.7797 121730860.9206 125365556.1328 84604732.0412 374114591.9469
230981.5084 120671868.7957 124157858.0266 83696120.3813 374312238.3294
231882.5620 119623386.2644 122963064.2394 82802560.8660 374504339.7911
232768.2370 118585317.9508 121781041.2349 81923789.2212 374691069.3591
233638.8241 117557568.4363 120611656.0848 81059545.4665 374872594.2931
234494.6081 116540042.3209 119454776.5175 80209573.8907 375049076.2821
235335.8682 115532644.2785 118310270.9626 79373623.0238 375220671.6346
236162.8781 114535279.1113 117178008.5922 78551445.6050 375387531.4625
236975.9058 113547851.7990 116057859.3596 77742798.5482 375549801.8591
237775.2142 112570267.5438 114949694.0331 76947442.9035 375707624.0714
238561.0608 111602431.8125 113853384.2263 76165143.8155 375861134.6669
239333.6980 110644250.3762 112768802.4277 75395670.4807 376010465.6941
240093.3730 109695629.3470 111695822.0263 74638796.1025 376155744.8382
240840.3282 108756475.2119 110634317.3360 73894297.8446 376297095.5716
241574.8010 107826694.8632 109584163.6146 73161956.7810 376434637.2988
242297.0240 106906195.6271 108545237.0832 72441557.8465 376568485.4968
243007.2254 105994885.2939 107517414.9468 71732889.7884 376698751.8501
243705.6285 105092672.1384 106500575.4047 71035745.1107 376825544.3819
244392.4523 104199464.9467 105494597.6686 70349920.0255 376948967.5799
245067.9113 103315173.0341 104499361.9700 69675214.3961 377069122.5182
245732.2157 102439706.2670 103514749.5750 69011431.6865 377186106.9748
246385.5716 101572975.0808 102540642.7921 68358378.9064 377300015.5450
247028.1808 100714890.4948 101576924.9789 67715866.5566 377410939.7510
247660.2412 99865364.1289 100623480.5506 67083708.5755 377518968.1472
248281.9466 99024308.2168 99680194.9845 66461722.2843 377624186.4224
248893.4871 98191635.6179 98746954.8244 65849728.3327 377726677.4978
249495.0488 97367259.8310 97823647.6860 65247550.6459 377826521.6223
250086.8143 96551095.0030 96910162.2579 64655016.3697 377923796.4633
250668.9622 95743055.9389 96006388.3044 64071955.8172 378018577.1954
251241.6680 94943058.1111 95112216.6668 63498202.4163 378110936.5857
251805.1034 94151017.6643 94227539.2616 62933592.6545 378200945.0755
252359.4367 93366851.4265 93352249.0840 62377966.0295 378288670.8596
252904.8329 92590476.9116 92486240.2037 61831164.9952 378374179.9631
253441.4539 91821812.3271 91629407.7655 61293034.9109 378457536.3144
253969.4581 91060776.5758 90781647.9846 60763423.9891 378538801.8171
254489.0008 90307289.2628 89942858.1471 60242183.2466 378618036.4181
255000.2345 89561270.6977 89112936.6055 59729166.4545 378695298.1738
255503.3085 88822641.8963 88291782.7740 59224230.0871 378770643.3140
255998.3690 88091324.5846 87479297.1268 58727233.2755 378844126.3036
256485.5597 87367241.1987 86675381.1913 58238037.7573 378915799.9018
256965.0210 86650314.8861 85879937.5440 57756507.8303 378985715.2195
257436.8911 85940469.5087 85092869.8072 57282510.3061 379053921.7745
257901.3049 85237629.6426 84314082.6439 56815914.4646 379120467.5449
258358.3951 84541720.5748 83543481.7476 56356592.0057 379185399.0205
258808.2916 83852668.3063 82780973.8409 55904417.0071 379248761.2526
259251.1219 83170399.5486 82026466.6665 55459265.8784 379310597.9018
259687.0108 82494841.7257 81279868.9831 55021017.3198 379370951.2841
260116.0809 81825922.9707 80541090.5583 54589552.2779 379429862.4157
260538.4522 81163572.1232 79810042.1593 54164753.9033 379487371.0558
260954.2426 80507718.7272 79086635.5466 53746507.5090 379543515.7487
261363.5675 79858293.0336 78370783.4719 53334700.5326 379598333.8629
261766.5402 79215225.9891 77662399.6611 52929222.4913 379651861.6311
262163.2719 78578449.2418 76961398.8165 52529964.9474 379704134.1862
262553.8713 77947895.1332 76267696.6031 52136821.4665 379755185.5981
262938.4454 77323496.6953 75581209.6415 51749687.5798 379805048.9087
263317.0989 76705187.6498 74901855.5029 51368460.7483 379853756.1647
263689.9347 76092902.4020 74229552.6982 50993040.3245 379901338.4506
264057.0534 75486576.0392 73564220.6722 50623327.5174 379947825.9199
264418.5540 74886144.3240 72905779.7929 50259225.3558 379993247.8253
264774.5334 74291543.6934 72254151.3462 49900638.6550 380037632.5477
265125.0868 73702711.2528 71609257.5260 49547473.9819 380081007.6246
265470.3075 73119584.7716 70971021.4252 49199639.6208 380123399.7771
265810.2871 72542102.6786 70339367.0280 48857045.5410 380164834.9366
266145.1153 71970204.0590 69714219.2027 48519603.3650 380205338.2695
266474.8802 71403828.6501 69095503.6934 48187226.3371 380244934.2023
266799.6683 70842916.8337 68483147.1091 47859829.2904 380283646.4449
267119.5644 70287409.6322 67877076.9153 47537328.6168 380321498.0138
267434.6517 69737248.7074 67277221.4304 47219642.2395 380358511.2536
267745.0118 69192376.3493 66683509.8100 46906689.5794 380394707.8591
268050.7249 68652735.4773 66095872.0450 46598391.5301 380430108.8952
268351.8695 68118269.6311 65514238.9492 46294670.4273 380464734.8174
268648.5227 67588922.9688 64938542.1538 45995450.0226 380498605.4905
268940.7603 67064640.2587 64368714.0961 45700655.4550 380531740.2075
269228.6566 66545366.8737 63804688.0104 45410213.2235 380564157.7076
269512.2844 66031048.7888 63246397.9226 45124051.1625 380595876.1936
269791.7152 65521632.5751 62693778.6411 44842098.4159 380626913.3484
270067.0193 65017065.3943 62146765.7478 44564285.4117 380657286.3513
270338.2655 64517294.9931 61605295.5902 44290543.8369 380687011.8939
270605.5215 64022269.6976 61069305.2723 44020806.6134 380716106.1950
270868.8537 63531938.4087 60538732.6472 43755007.8747 380744585.0153
271128.3273 63046250.5965 60013516.3084 43493082.9420 380772463.6718
271384.0061 62565156.2947 59493595.5822 43234968.3018 380799757.0511
271635.9529 62088606.0965 58978910.5199 42980601.5837 380826479.6229
271884.2295 61616551.1463 58469401.8875 42729921.5374 380852645.4529
272128.8962 61148943.1372 57965011.1597 42482868.0122 380878268.2148
272370.0125 60685734.3050 57465680.5124 42239381.9358 380903361.2025
272607.6366 60226877.4230 56971352.8141 41999405.2939 380927937.3418
272841.8259 59772325.7951 56481971.6165 41762881.1085 380952009.2014
273072.6365 59322033.2522 55997481.1490 41529753.4197 380975589.0038
273300.1236 58875954.1462 55517826.3095 41299967.2653 380998688.6357
273524.3414 58434043.3444 55042952.6570 41073468.6617 381021319.6585
273745.3430 57996256.2247 54572806.4041 40850204.5859 381043493.3174
273963.1808 57562548.6706 54107334.4097 40630122.9561 381065220.5518
274177.9059 57132877.0661 53646484.1719 40413172.6154 381086512.0035
274389.5689 56707198.2884 53190203.8181 40199303.3117 381107378.0265
274598.2191 56285469.7055 52738442.1007 39988465.6828 381127828.6950
274803.9051 55867649.1699 52291148.3882 39780611.2382 381147873.8119
275006.6747 55453695.0124 51848272.6575 39575692.3428 381167522.9170
275206.5746 55043566.0389 51409765.4880 39373662.2006 381186785.2945
275403.6509 54637221.5234 50975578.0530 39174474.8386 381205669.9808
275597.9489 54234621.2058 50545662.1151 38978085.0923 381224185.7718
275789.5128 53835725.2830 50119970.0158 38784448.5886 381242341.2296
275978.3863 53440494.4069 49698454.6707 38593521.7317 381260144.6900
276164.6123 53048889.6787 49281069.5630 38405261.6891 381277604.2686
276348.2327 52660872.6428 48867768.7345 38219626.3755 381294727.8674
276529.2889 52276405.2829 48458506.7805 38036574.4400 381311523.1811
276707.8216 51895450.0185 48053238.8441 37856065.2523 381327997.7030
276883.8706 51517969.6973 47651920.6071 37678058.8883 381344158.7308
277057.4750 51143927.5924 47254508.2851 37502516.1171 381360013.3725
277228.6735 50773287.3966 46860958.6205 37329398.3885 381375568.5515
277397.5037 50406013.2182 46471228.8760 37158667.8192 381390831.0123
277564.0029 50042069.5752 46085276.8277 36990287.1810 381405807.3254
277728.2076 49681421.3932 45703060.7611 36824219.8886 381420503.8922
277890.1536 49324033.9985 45324539.4624 36660429.9874 381434926.9502
278049.8762 48969873.1143 44949672.2136 36498882.1415 381449082.5771
278207.4100 48618904.8564 44578418.7860 36339541.6224 381462976.6960
278362.7891 48271095.7283 44210739.4344 36182374.2975 381476615.0791
278516.0469 47926412.6164 43846594.8902 36027346.6187 381490003.3526
278667.2162 47584822.7873 43485946.3577 35874425.6126 381503147.0004
278816.3295 47246293.8811 43128755.5056 35723578.8683 381516051.3681
278963.4183 46910793.9094 42774984.4636 35574774.5284 381528721.6672
279108.5140 46578291.2487 42424595.8146 35427981.2776 381541162.9785
279251.6471 46248754.6387 42077552.5914 35283168.3334 381553380.2561
279392.8479 45922153.1762 41733818.2693 35140305.4361 381565378.3305
279532.1459 45598456.3097 41393356.7593 34999362.8379 381577161.9124
279669.5702 45277633.8402 41056132.4077 34860311.2960 381588735.5958
279805.1495 44959655.9132 40722109.9868 34723122.0616 381600103.8614
279938.9119 44644493.0144 40391254.6889 34587766.8703 381611271.0795
280070.8851 44332115.9672 40063532.1232 34454217.9345 381622241.5133
280201.0962 44022495.9295 39738908.3110 34322447.9342 381633019.3215
280329.5720 43715604.3873 39417349.6780 34192430.0080 381643608.5615
280456.3386 43411413.1529 39098823.0514 34064137.7450 381654013.1920
280581.4221 43109894.3601 38783295.6542 33937545.1768 381664237.0756
280704.8477 42811020.4601 38470735.0994 33812626.7688 381674283.9817
280826.6404 42514764.2188 38161109.3865 33689357.4128 381684157.5887
280946.8248 42221098.7138 37854386.8973 33567712.4197 381693861.4865
281065.4250 41929997.3281 37550536.3888 33447667.5106 381703399.1792
281182.4647 41641433.7484 37249526.9898 33329198.8103 381712774.0868
281297.9673 41355381.9611 36951328.1963 33212282.8396 381721989.5483
281411.9557 41071816.2487 36655909.8667 33096896.5085 381731048.8230
281524.4525 40790711.1863 36363242.2174 32983017.1085 381739955.0933
281635.4799 40512041.6377 36073295.8175 32870622.3061 381748711.4661
281745.0596 40235782.7528 35786041.5858 32759690.1364 381757320.9756
281853.2131 39961909.9637 35501450.7853 32650198.9957 381765786.5844
281959.9616 39690398.9804 35219495.0185 32542127.6352 381774111.1860
282065.3258 39421225.7904 34940146.2256 32435455.1554 381782297.6062
282169.3262 39154366.6525 34663376.6775 32330160.9990 381790348.6053
282271.9827 38889798.0936 34389158.9719 32226224.9443 381798266.8794
282373.3151 38627496.9071 34117466.0305 32123627.1006 381806055.0622
282473.3429 38367440.1492 33848271.0946 32022347.9011 381813715.7270
282572.0851 38109605.1360 33581547.7211 31922368.0980 381821251.3875
282669.5606 37853969.4393 33317269.7779 31823668.7563 381828664.5001
282765.7878 37600510.8855 33055411.4413 31726231.2483 381835957.4649
282860.7850 37349207.5508 32795947.1909 31630037.2483 381843132.6274
282954.5700 37100037.7571 32538851.8047 31535068.7265 381850192.2799
283047.1603 36852980.0730 32284100.3585 31441307.9449 381857138.6625
283138.5734 36608013.3075 32031668.2201 31348737.4517 381863973.9649
283228.8263 36365116.5085 31781531.0459 31257340.0759 381870700.3277
283317.9356 36124268.9582 31533664.7760 31167098.9220 381877319.8430
283405.9180 35885450.1731 31288045.6334 31077997.3665 381883834.5565
283492.7895 35648639.8993 31044650.1187 30990019.0520 381890246.4680
283578.5663 35413818.1103 30803455.0068 30903147.8829 381896557.5328
283663.2639 35180965.0044 30564437.3441 30817368.0209 381902769.6631
283746.8979 34950061.0008 30327574.4432 30732663.8798 381908884.7284
283829.4833 34721086.7394 30092843.8828 30649020.1223 381914904.5574
283911.0353 34494023.0761 29860223.5017 30566421.6548 381920830.9382
283991.5686 34268851.0797 29629691.3952 30484853.6229 381926665.6200
284071.0975 34045552.0318 29401225.9146 30404301.4080 381932410.3136
284149.6364 33824107.4231 29174805.6624 30324750.6232 381938066.6927
284227.1993 33604498.9488 28950409.4875 30246187.1080 381943636.3944
284303.8000 33386708.5106 28728016.4862 30168596.9264 381949121.0206
284379.4521 33170718.2100 28507605.9950 30091966.3611 381954522.1383
284454.1690 32956510.3482 28289157.5901 30016281.9111 381959841.2810
284527.9639 32744067.4221 28072651.0826 29941530.2867 381965079.9493
284600.8496 32533372.1247 27858066.5181 29867698.4075 381970239.6114
284672.8391 32324407.3393 27645384.1708 29794773.3969 381975321.7044
284743.9447 32117156.1392 27434584.5424 29722742.5799 381980327.6349
284814.1789 31911601.7855 27225648.3591 29651593.4795 381985258.7794
284883.5539 31707727.7243 27018556.5685 29581313.8126 381990116.4854
284952.0816 31505517.5847 26813290.3371 29511891.4877 381994902.0720
285019.7737 31304955.1769 26609831.0478 29443314.6007 381999616.8306
285086.6420 31106024.4893 26408160.2965 29375571.4325 382004262.0254
285152.6979 30908709.6863 26208259.8891 29308650.4447 382008838.8942
285217.9525 30712995.1074 26010111.8405 29242540.2780 382013348.6492
285282.4169 30518865.2639 25813698.3704 29177229.7478 382017792.4770
285346.1022 30326304.8377 25619001.9022 29112707.8425 382022171.5401
285409.0189 30135298.6784 25426005.0588 29048963.7192 382026486.9766
285471.1777 29945831.8021 25234690.6617 28985986.7021 382030739.9013
285532.5889 29757889.3890 25045041.7276 28923766.2790 382034931.4061
285593.2629 29571456.7819 24857041.4663 28862292.0985 382039062.5605
285653.2096 29386519.4833 24670673.2784 28801553.9678 382043134.4122
285712.4391 29203063.1545 24485920.7525 28741541.8493 382047147.9876
285770.9611 29021073.6125 24302767.6627 28682245.8586 382051104.2922
285828.7853 28840536.8294 24121197.9671 28623656.2615 382055004.3111
285885.9211 28661438.9301 23941195.8054 28565763.4720 382058849.0097
285942.3779 28483766.1902 23762745.4958 28508558.0492 382062639.3338
285998.1649 28307505.0351 23585831.5343 28452030.6954 382066376.2103
286053.2911 28132642.0371 23410438.5910 28396172.2537 382070060.5475
286107.7654 27959163.9146 23236551.5093 28340973.7052 382073693.2356
286161.5968 27787057.5292 23064155.3021 28286426.1670 382077275.1472
286214.7937 27616309.8849 22893235.1509 28232520.8898 382080807.1374
286267.3647 27446908.1261 22723776.4032 28179249.2558 382084290.0445
286319.3183 27278839.5364 22555764.5715 28126602.7768 382087724.6903
286370.6627 27112091.5370 22389185.3306 28074573.0918 382091111.8804
286421.4061 26946651.6834 22224024.5141 28023151.9644 382094452.4045
286471.5564 26782507.6658 22060268.1151 27972331.2814 382097747.0372
286521.1216 26619647.3070 21897902.2827 27922103.0510 382100996.5375
286570.1095 26458058.5604 21736913.3205 27872459.3999 382104201.6501
286618.5277 26297729.5084 21577287.6842 27823392.5720 382107363.1049
286666.3838 26138648.3611 21419011.9802 27774894.9263 382110481.6181
286713.6852 25980803.4560 21262072.9647 27726958.9355 382113557.8917
286760.4393 25824183.2539 21106457.5394 27679577.1830 382116592.6145
286806.6533 25668776.3398 20952152.7523 27632742.3623 382119586.4619
286852.3344 25514571.4200 20799145.7943 27586447.2744 382122540.0965
286897.4894 25361557.3209 20647423.9975 27540684.8264 382125454.1682
286942.1254 25209722.9886 20496974.8347 27495448.0297 382128329.3147
286986.2491 25059057.4868 20347785.9171 27450729.9985 382131166.1615
287029.8673 24909549.9947 20199844.9915 27406523.9478 382133965.3223
287072.9866 24761189.8070 20053139.9405 27362823.1919 382136727.3993
287115.6134 24613966.3315 19907658.7795 27319621.1431 382139452.9833
287157.7543 24467869.0881 19763389.6554 27276911.3094 382142142.6541
287199.4154 24322887.7078 19620320.8456 27234687.2939 382144796.9805
287240.6031 24179011.9314 19478440.7561 27192942.7924 382147416.5211
287281.3235 24036231.6080 19337737.9198 27151671.5927 382150001.8236
287321.5827 23894536.6928 19198200.9942 27110867.5723 382152553.4260
287361.3865 23753917.2470 19059818.7609 27070524.6974 382155071.8562
287400.7410 23614363.4367 18922580.1241 27030637.0216 382157557.6324
287439.6518 23475865.5312 18786474.1092 26991198.6844 382160011.2631
287478.1247 23338413.9027 18651489.8613 26952203.9101 382162433.2477
287516.1654 23201999.0231 18517616.6428 26913647.0054 382164824.0765
287553.7793 23066611.4641 18384843.8325 26875522.3595 382167184.2307
287590.9719 22932241.8965 18253160.9249 26837824.4416 382169514.1828
287627.7486 22798881.0888 18122557.5287 26800547.8008 382171814.3969
287664.1148 22666519.9048 17993023.3640 26763687.0636 382174085.3286
287700.0756 22535149.3045 17864548.2629 26727236.9337 382176327.4252
287735.6362 22404760.3419 17737122.1675 26691192.1902 382178541.1261
287770.8018 22275344.1632 17610735.1270 26655547.6864 382180726.8629
287805.5772 22146892.0072 17485377.2992 26620298.3492 382182885.0592
287839.9676 22019395.2032 17361038.9467 26585439.1770 382185016.1313
287873.9776 21892845.1704 17237710.4371 26550965.2396 382187120.4880
287907.6122 21767233.4169 17115382.2418 26516871.6764 382189198.5310
287940.8760 21642551.5385 16994044.9337 26483153.6955 382191250.6547
287973.7738 21518791.2186 16873689.1880 26449806.5731 382193277.2466
288006.3101 21395944.2252 16754305.7783 26416825.6513 382195278.6874
288038.4895 21274002.4109 16635885.5765 26384206.3381 382197255.3514
288070.3165 21152957.7126 16518419.5523 26351944.1058 382199207.6058
288101.7954 21032802.1507 16401898.7727 26320034.4908 382201135.8119
288132.9306 20913527.8263 16286314.3983 26288473.0915 382203040.3244
288163.7264 20795126.9220 16171657.6843 26257255.5680 382204921.4921
288194.1870 20677591.7014 16057919.9798 26226377.6413 382206779.6575
288224.3166 20560914.5054 15945092.7236 26195835.0917 382208615.1575
288254.1193 20445087.7542 15833167.4467 26165623.7586 382210428.3228
288283.5991 20330103.9452 15722135.7694 26135739.5392 382212219.4789
288312.7601 20215955.6515 15611989.3996 26106178.3872 382213988.9454
288341.6062 20102635.5227 15502720.1341 26076936.3132 382215737.0364
288370.1413 19990136.2831 15394319.8557 26048009.3824 382217464.0610
288398.3692 19878450.7299 15286780.5324 26019393.7147 382219170.3228
288426.2936 19767571.7343 15180094.2170 25991085.4836 382220856.1202
288453.9184 19657492.2396 15074253.0460 25963080.9153 382222521.7467
288481.2472 19548205.2601 14969249.2381 25935376.2878 382224167.4908
288508.2835 19439703.8810 14865075.0937 25907967.9306 382225793.6363
288535.0311 19331981.2567 14761722.9935 25880852.2230 382227400.4619
288561.4934 19225030.6109 14659185.3981 25854025.5944 382228988.2420
288587.6739 19118845.2355 14557454.8464 25827484.5229 382230557.2463
288613.5760 19013418.4903 14456523.9564 25801225.5348 382232107.7400
288639.2031 18908743.8012 14356385.4217 25775245.2037 382233639.9838
288664.5586 18804814.6607 14257032.0129 25749540.1501 382235154.2342
288689.6457 18701624.6258 14158456.5753 25724107.0401 382236650.7436
288714.4677 18599167.3178 14060652.0280 25698942.5854 382238129.7599
288739.0278 18497436.4223 13963611.3642 25674043.5420 382239591.5273
288763.3291 18396425.6881 13867327.6497 25649406.7104 382241036.2857
288787.3748 18296128.9258 13771794.0218 25625028.9337 382242464.2713
288811.1680 18196540.0078 13677003.6887 25600907.0981 382243875.7164
288834.7116 18097652.8671 13582949.9283 25577038.1316 382245270.8494
288858.0087 17999461.4970 13489626.0882 25553419.0034 382246649.8952
288881.0623 17901959.9513 13397025.5849 25530046.7239 382248013.0748
288903.8751 17805142.3413 13305141.9015 25506918.3431 382249360.6060
288926.4502 17709002.8374 13213968.5890 25484030.9511 382250692.7027
288948.7903 17613535.6685 13123499.2650 25461381.6767 382252009.5757
288970.8982 17518735.1192 13033727.6114 25438967.6872 382253311.4322
288992.7768 17424595.5300 12944647.3747 25416786.1873 382254598.4763
289014.4286 17331111.2982 12856252.3660 25394834.4195 382255870.9085
289035.8565 17238276.8762 12768536.4595 25373109.6627 382257128.9266
289057.0631 17146086.7709 12681493.5921 25351609.2323 382258372.7248
289078.0509 17054535.5423 12595117.7617 25330330.4788 382259602.4945
289098.8225 16963617.8047 12509403.0280 25309270.7883 382260818.4241
289119.3806 16873328.2241 12424343.5104 25288427.5812 382262020.6988
289139.7276 16783661.5189 12339933.3879 25267798.3120 382263209.5012
289159.8660 16694612.4596 12256166.8993 25247380.4691 382264385.0109
289179.7982 16606175.8671 12173038.3411 25227171.5735 382265547.4045
289199.5266 16518346.6134 12090542.0678 25207169.1794 382266696.8562
289219.0538 16431119.6195 12008672.4906 25187370.8727 382267833.5373
289238.3819 16344489.8564 11927424.0775 25167774.2711 382268957.6164
289257.5133 16258452.3436 11846791.3516 25148377.0236 382270069.2597
289276.4503 16173002.1496 11766768.8923 25129176.8099 382271168.6306
289295.1952 16088134.3898 11687351.3326 25110171.3402 382272255.8901
289313.7502 16003844.2267 11608533.3592 25091358.3543 382273331.1967
289332.1175 15920126.8700 11530309.7124 25072735.6214 382274394.7065
289350.2992 15836977.5752 11452675.1851 25054300.9400 382275446.5732
289368.2976 15754391.6438 11375624.6225 25036052.1372 382276486.9483
289386.1147 15672364.4228 11299152.9213 25017987.0680 382277515.9806
289403.7526 15590891.3030 11223255.0288 25000103.6155 382278533.8171
289421.2134 15509967.7202 11147925.9428 24982399.6900 382279540.6022
289438.4991 15429589.1540 11073160.7115 24964873.2289 382280536.4784
289455.6118 15349751.1268 10998954.4317 24947522.1963 382281521.5860
289472.5533 15270449.2035 10925302.2484 24930344.5822 382282496.0630
289489.3258 15191678.9921 10852199.3558 24913338.4027 382283460.0456
289505.9310 15113436.1422 10779640.9952 24896501.6994 382284413.6677
289522.3709 15035716.3448 10707622.4552 24879832.5390 382285357.0614
289538.6475 14958515.3321 10636139.0709 24863329.0130 382286290.3568
289554.7625 14881828.8764 10565186.2232 24846989.2371 382287213.6819
289570.7178 14805652.7902 10494759.3387 24830811.3513 382288127.1631
289586.5152 14729982.9260 10424853.8893 24814793.5193 382289030.9246
289602.1565 14654815.1754 10355465.3911 24798933.9281 382289925.0891
289617.6435 14580145.4694 10286589.4048 24783230.7880 382290809.7771
289632.9778 14505969.7766 10218221.5343 24767682.3319 382291685.1078
289648.1613 14432284.1039 10150357.4266 24752286.8149 382292551.1982
289663.1956 14359084.4957 10082992.7710 24737042.5145 382293408.1639
289678.0825 14286367.0337 10016123.2993 24721947.7299 382294256.1188
289692.8234 14214127.8363 9949744.7848 24707000.7818 382295095.1748
289707.4202 14142363.0588 9883853.0426 24692200.0120 382295925.4427
289721.8744 14071068.8922 9818443.9281 24677543.7834 382296747.0312
289736.1876 14000241.5632 9753513.3371 24663030.4793 382297560.0477
289750.3614 13929877.3332 9689057.2050 24648658.5034 382298364.5981
289764.3974 13859972.4991 9625071.5069 24634426.2793 382299160.7867
289778.2970 13790523.3929 9561552.2575 24620332.2506 382299948.7161
289792.0618 13721526.3799 9498495.5095 24606374.8803 382300728.4877
289805.6933 13652977.8592 9435897.3536 24592552.6505 382301500.2013
289819.1930 13584874.2642 9373753.9191 24578864.0623 382302263.9555
289832.5623 13517212.0601 9312061.3716 24565307.6355 382303019.8472
289845.8026 13449987.7456 9250815.9142 24551881.9082 382303767.9720
289858.9155 13383197.8526 9190013.7872 24538585.4370 382304508.4243
289871.9023 13316838.9435 9129651.2658 24525416.7960 382305241.2970
289884.7644 13250907.6139 9069724.6623 24512374.5773 382305966.6818
289897.5031 13185400.4896 9010230.3232 24499457.3902 382306684.6691
289910.1199 13120314.2281 8951164.6305 24486663.8613 382307395.3478
289922.6160 13055645.5178 8892524.0013 24473992.6343 382308098.8060
289934.9928 12991391.0767 8834304.8859 24461442.3692 382308795.1301
289947.2516 12927547.6539 8776503.7694 24449011.7429 382309484.4055
289959.3937 12864112.0279 8719117.1703 24436699.4485 382310166.7166
289971.4203 12801081.0069 8662141.6401 24424504.1950 382310842.1463
289983.3327 12738451.4282 8605573.7634 24412424.7074 382311510.7765
289995.1322 12676220.1571 8549410.1562 24400459.7261 382312172.6880
290006.8200 12614384.0887 8493647.4680 24388608.0071 382312827.9604
290018.3973 12552940.1457 8438282.3791 24376868.3213 382313476.6723
290029.8652 12491885.2796 8383311.6021 24365239.4552 382314118.9010
290041.2251 12431216.4686 8328731.8800 24353720.2094 382314754.7231
290052.4779 12370930.7188 8274539.9868 24342309.3994 382315384.2138
290063.6250 12311025.0638 8220732.7272 24331005.8552 382316007.4476
290074.6674 12251496.5633 8167306.9356 24319808.4208 382316624.4976
290085.6063 12192342.3041 8114259.4764 24308715.9542 382317235.4362
290096.4428 12133559.3989 8061587.2433 24297727.3273 382317840.3347
290107.1779 12075144.9870 8009287.1596 24286841.4256 382318439.2635
290117.8128 12017096.2335 7957356.1774 24276057.1482 382319032.2920
290128.3485 11959410.3283 7905791.2770 24265373.4072 382319619.4886
290138.7862 11902084.4872 7854589.4673 24254789.1280 382320200.9209
290149.1267 11845115.9508 7803747.7851 24244303.2488 382320776.6556
290159.3713 11788501.9846 7753263.2948 24233914.7206 382321346.7583
290169.5208 11732239.8779 7703133.0881 24223622.5069 382321911.2940
290179.5764 11676326.9451 7653354.2840 24213425.5838 382322470.3266
290189.5390 11620760.5239 7603924.0280 24203322.9393 382323023.9193
290199.4096 11565537.9764 7554839.4925 24193313.5738 382323572.1343
290209.1891 11510656.6876 7506097.8759 24183396.4995 382324115.0332
290218.8786 11456114.0663 7457696.4028 24173570.7403 382324652.6766
290228.4790 11401907.5444 7409632.3236 24163835.3320 382325185.1244
290237.9912 11348034.5757 7361902.9137 24154189.3214 382325712.4356
290247.4162 11294492.6377 7314505.4740 24144631.7670 382326234.6685
290256.7548 11241279.2295 7267437.3303 24135161.7382 382326751.8806
290266.0080 11188391.8729 7220695.8332 24125778.3155 382327264.1287
290275.1767 11135828.1108 7174278.3572 24116480.5904 382327771.4689
290284.2617 11083585.5083 7128182.3012 24107267.6648 382328273.9563
290293.2640 11031661.6519 7082405.0881 24098138.6514 382328771.6455
290302.1844 10980054.1495 7036944.1646 24089092.6734 382329264.5905
290311.0238 10928760.6300 6991797.0007 24080128.8642 382329752.8443
290319.7829 10877778.7432 6946961.0896 24071246.3674 382330236.4595
290328.4627 10827106.1588 6902433.9469 24062444.3367 382330715.4878
290337.0640 10776740.5680 6858213.1119 24053721.9355 382331189.9803
290345.5875 10726679.6807 6814296.1448 24045078.3372 382331659.9874
290354.0342 10676921.2284 6770680.6298 24036512.7247 382332125.5591
290362.4047 10627462.9620 6727364.1722 24028024.2906 382332586.7444
290370.6998 10578302.6515 6684344.3993 24019612.2368 382333043.5918
290378.9205 10529438.0867 6641618.9598 24011275.7745 382333496.1494
290387.0673 10480867.0761 6599185.5234 24003014.1240 382333944.4643
290395.1411 10432587.4477 6557041.7813 23994826.5147 382334388.5834
290403.1427 10384597.0483 6515185.4457 23986712.1850 382334828.5526
290411.0727 10336893.7437 6473614.2498 23978670.3821 382335264.4175
290418.9319 10289475.4176 6432325.9464 23970700.3617 382335696.2230
290426.7211 10242339.9723 6391318.3093 23962801.3884 382336124.0136
290434.4409 10195485.3280 6350589.1319 23954972.7350 382336547.8329
290442.0920 10148909.4234 6310136.2280 23947213.6829 382336967.7243
290449.6752 10102610.2142 6269957.4305 23939523.5216 382337383.7305
290457.1912 10056585.6740 6230050.5920 23931901.5489 382337795.8937
290464.6406 10010833.7935 6190413.5840 23924347.0705 382338204.2554
290472.0241 9965352.5814 6151044.2978 23916859.4001 382338608.8568
290479.3424 9920140.0630 6111940.6432 23909437.8594 382339009.7386
290486.5961 9875194.2803 6073100.5484 23902081.7776 382339406.9408
290493.7860 9830513.2925 6034521.9605 23894790.4918 382339800.5030
290500.9125 9786095.1749 5996202.8446 23887563.3464 382340190.4644
290507.9765 9741938.0195 5958141.1843 23880399.6936 382340576.8635
290514.9785 9698039.9348 5920334.9808 23873298.8926 382340959.7385
290521.9191 9654399.0449 5882782.2534 23866260.3101 382341339.1271
290528.7989 9611013.4905 5845481.0389 23859283.3200 382341715.0665
290535.6187 9567881.4276 5808429.3915 23852367.3032 382342087.5934
290542.3789 9525001.0277 5771625.3823 23845511.6476 382342456.7442
290549.0802 9482370.4779 5735067.0998 23838715.7481 382342822.5546
290555.7231 9439987.9811 5698752.6494 23831979.0062 382343185.0602
290562.3083 9397851.7546 5662680.1530 23825300.8306 382343544.2958
290568.8363 9355960.0313 5626847.7492 23818680.6360 382343900.2961
290575.3077 9314311.0590 5591253.5932 23812117.8444 382344253.0951
290581.7230 9272903.1001 5555895.8563 23805611.8838 382344602.7266
290588.0828 9231734.4314 5520772.7255 23799162.1887 382344949.2240
290594.3878 9190803.3449 5485882.4046 23792768.2000 382345292.6199
290600.6383 9150108.1459 5451223.1121 23786429.3649 382345632.9471
290606.8349 9109647.1552 5416793.0831 23780145.1368 382345970.2376
290612.9783 9069418.7059 5382590.5671 23773914.9749 382346304.5232
290619.0689 9029421.1463 5348613.8295 23767738.3448 382346635.8351
290625.1071 8989652.8380 5314861.1506 23761614.7177 382346964.2043
290631.0937 8950112.1566 5281330.8261 23755543.5710 382347289.6615
290637.0290 8910797.4918 5248021.1669 23749524.3879 382347612.2368
290642.9135 8871707.2453 5214930.4974 23743556.6569 382347931.9602
290648.7478 8832839.8330 5182057.1574 23737639.8727 382348248.8611
290654.5324 8794193.6835 5149399.5008 23731773.5353 382348562.9686
290660.2677 8755767.2389 5116955.8959 23725957.1503 382348874.3117
290665.9542 8717558.9544 5084724.7257 23720190.2287 382349182.9187
290671.5924 8679567.2965 5052704.3858 23714472.2869 382349488.8179
290677.1828 8641790.7463 5020893.2869 23708802.8467 382349792.0369
290682.7258 8604227.7961 4989289.8530 23703181.4350 382350092.6033
290688.2219 8566876.9516 4957892.5220 23697607.5843 382350390.5442
290693.6716 8529736.7297 4926699.7445 23692080.8315 382350685.8864
290699.0752 8492805.6603 4895709.9851 23686600.7194 382350978.6565
290704.4334 8456082.2851 4864921.7214 23681166.7951 382351268.8806
290709.7464 8419565.1578 4834333.4441 23675778.6111 382351556.5846
290715.0147 8383252.8435 4803943.6564 23670435.7245 382351841.7941
290720.2388 8347143.9202 4773750.8753 23665137.6976 382352124.5345
290725.4191 8311236.9766 4743753.6298 23659884.0970 382352404.8306
290730.5561 8275530.6128 4713950.4614 23654674.4943 382352682.7073
290735.6500 8240023.4409 4684339.9244 23649508.4658 382352958.1888
290740.7014 8204714.0841 4654920.5853 23644385.5921 382353231.2994
290745.7106 8169601.1768 4625691.0230 23639305.4588 382353502.0629
290750.6781 8134683.3642 4596649.8280 23634267.6554 382353770.5029
290755.6043 8099959.3030 4567795.6032 23629271.7764 382354036.6427
290760.4895 8065427.6603 4539126.9633 23624317.4203 382354300.5052
290765.3341 8031087.1146 4510642.5349 23619404.1901 382354562.1134
290770.1386 7996936.3546 4482340.9560 23614531.6931 382354821.4896
290774.9033 7962974.0795 4454220.8760 23609699.5407 382355078.6562
290779.6286 7929198.9996 4426280.9561 23604907.3486 382355333.6352
290784.3148 7895609.8349 4398519.8686 23600154.7364 382355586.4482
290788.9624 7862205.3165 4370936.2972 23595441.3282 382355837.1168
290793.5717 7828984.1847 4343528.9362 23590766.7516 382356085.6622
290798.1431 7795945.1906 4316296.4914 23586130.6386 382356332.1055
290802.6769 7763087.0952 4289237.6792 23581532.6249 382356576.4673
290807.1735 7730408.6695 4262351.2271 23576972.3502 382356818.7683
290811.6332 7697908.6939 4235635.8728 23572449.4580 382357059.0288
290816.0564 7665585.9589 4209090.3647 23567963.5955 382357297.2687
290820.4434 7633439.2649 4182713.4622 23563514.4138 382357533.5081
290824.7946 7601467.4214 4156503.9346 23559101.5677 382357767.7663
290829.1103 7569669.2478 4130460.5617 23554724.7156 382358000.0630
290833.3909 7538043.5725 4104582.1331 23550383.5195 382358230.4172
290837.6366 7506589.2337 4078867.4492 23546077.6449 382358458.8480
290841.8478 7475305.0782 4053315.3196 23541806.7611 382358685.3740
290846.0249 7444189.9625 4027924.5645 23537570.5406 382358910.0138
290850.1680 7413242.7517 4002694.0132 23533368.6596 382359132.7858
290854.2776 7382462.3201 3977622.5052 23529200.7974 382359353.7081
290858.3540 7351847.5509 3952708.8897 23525066.6370 382359572.7987
290862.3975 7321397.3363 3927952.0251 23520965.8645 382359790.0751
290866.4083 7291110.5772 3903350.7797 23516898.1696 382360005.5551
290870.3869 7260986.1827 3878904.0305 23512863.2447 382360219.2559
290874.3334 7231023.0710 3854610.6644 23508860.7860 382360431.1946
290878.2482 7201220.1685 3830469.5772 23504890.4925 382360641.3883
290882.1316 7171576.4102 3806479.6739 23500952.0666 382360849.8537
290885.9838 7142090.7390 3782639.8679 23497045.2135 382361056.6074
290889.8052 7112762.1067 3758949.0825 23493169.6418 382361261.6657
290893.5960 7083589.4730 3735406.2495 23489325.0629 382361465.0450
290897.3566 7054571.8060 3712010.3092 23485511.1913 382361666.7612
290901.0871 7025708.0813 3688760.2109 23481727.7444 382361866.8303
290904.7880 6996997.2829 3665654.9121 23477974.4426 382362065.2679
290908.4593 6968438.4028 3642693.3796 23474251.0092 382362262.0895
290912.1015 6940030.4407 3619874.5879 23470557.1703 382362457.3106
290915.7148 6911772.4040 3597197.5202 23466892.6549 382362650.9462
290919.2994 6883663.3078 3574661.1679 23463257.1948 382362843.0115
290922.8556 6855702.1747 3552264.5304 23459650.5244 382363033.5212
290926.3837 6827888.0351 3530006.6157 23456072.3810 382363222.4901
290929.8840 6800219.9268 3507886.4395 23452522.5046 382363409.9327
290933.3566 6772696.8951 3485903.0256 23449000.6378 382363595.8634
290936.8018 6745317.9929 3464055.4061 23445506.5259 382363780.2964
290940.2199 6718082.2800 3442342.6205 23442039.9168 382363963.2458
290943.6112 6690988.8236 3420763.7160 23438600.5609 382364144.7255
290946.9758 6664036.6981 3399317.7478 23435188.2114 382364324.7493
290950.3140 6637224.9850 3378003.7787 23431802.6236 382364503.3308
290953.6261 6610552.7728 3356820.8789 23428443.5557 382364680.4835
290956.9123 6584019.1569 3335768.1262 23425110.7682 382364856.2208
290960.1727 6557623.2393 3314844.6053 23421804.0239 382365030.5557
290963.4078 6531364.1296 3294049.4092 23418523.0882 382365203.5014
290966.6176 6505240.9440 3273381.6377 23415267.7289 382365375.0708
290969.8024 6479252.8054 3252840.3980 23412037.7161 382365545.2767
290972.9624 6453398.8433 3232424.8042 23408832.8221 382365714.1316
290976.0979 6427678.1937 3212133.9777 23405652.8218 382365881.6481
290979.2091 6402089.9991 3191967.0466 23402497.4921 382366047.8386
290982.2962 6376633.4090 3171923.1464 23399366.6122 382366212.7154
290985.3593 6351307.5787 3152001.4193 23396259.9637 382366376.2904
290988.3988 6326111.6708 3132201.0145 23393177.3302 382366538.5758
290991.4149 6301044.8538 3112521.0880 23390118.4976 382366699.5833
290994.4076 6276106.3023 3092960.8024 23387083.2539 382366859.3247
290997.3773 6251295.1966 3073519.3265 23384071.3892 382367017.8116
291000.3242 6226610.7242 3054195.8362 23381082.6959 382367175.0555
291003.2484 6202052.0784 3034989.5142 23378116.9681 382367331.0678
291006.1502 6177618.4585 3015899.5491 23375174.0023 382367485.8597
291009.0297 6153309.0702 2996925.1367 23372253.5970 382367639.4423
291011.8872 6129123.1244 2978065.4783 23369355.5526 382367791.8268
291014.7228 6105059.8380 2959319.7816 23366479.6714 382367943.0238
291017.5367 6081118.4347 2940687.2613 23363625.7580 382368093.0443
291020.3292 6057298.1432 2922167.1376 23360793.6185 382368241.8990
291023.1004 6033598.1982 2903758.6373 23357983.0614 382368389.5983
291025.8506 6010017.8398 2885460.9927 23355193.8967 382368536.1528
291028.5798 5986556.3144 2867273.4427 23352425.9365 382368681.5727
291031.2882 5963212.8736 2849195.2321 23349678.9948 382368825.8684
291033.9762 5939986.7743 2831225.6112 23346952.8873 382368969.0500
291036.6437 5916877.2795 2813363.8365 23344247.4315 382369111.1274
291039.2911 5893883.6575 2795609.1705 23341562.4469 382369252.1107
291041.9185 5871005.1820 2777960.8813 23338897.7545 382369392.0096
291044.5260 5848241.1318 2760418.2424 23336253.1774 382369530.8339
291047.1139 5825590.7915 2742980.5336 23333628.5402 382369668.5932
291049.6823 5803053.4508 2725647.0400 23331023.6694 382369805.2969
291052.2314 5780628.4047 2708417.0521 23328438.3929 382369940.9547
291054.7613 5758314.9531 2691289.8661 23325872.5405 382370075.5757
245861.9445
288847.9655 2351620.1959 6016842.3665 25563616.8207 382246015.7540
288850.5443 2336318.6056 5992793.9688 25561002.3867 382246168.3817
288853.1036 2321109.6523 5968868.3055 25558407.7108 382246319.8380
288855.6436 2305992.7013 5945064.6010 25555832.6207 382246470.1334
288858.1644 2290967.1230 5921382.0859 25553276.9461 382246619.2783
289.8775 -2299118.1275 19237768.1272 382562514.8906
295087.2819 6256686.7977 -2308167.5476 19234783.7590 382562639.2157
295090.2040 6226206.6671 -2317132.7431 19231818.4031 382562762.7254
295093.1075 6195848.7673 -2326014.2930 19228871.9016 382562885.4269
295095.9925 6165612.3841 -2334812.7716 19225944.0980 382563007.3271
295098.8593 6135496.8086 -2343528.7484 19223034.8374 382563128.4328
295101.7080 6105501.3370 -2352162.7880 19220143.9663 382563248.7508
295104.5387 6075625.2698 -2360715.4505 19217271.3327 382563368.2879
295107.3515 6045867.9126 -2369187.2916 19214416.7857 382563487.0509
295110.1467 6016228.5755 -2377578.8620 19211580.1764 382563605.0462
295112.9244 5986706.5736 -2385890.7082 19208761.3567 382563722.2805
295115.6847 5957301.2261 -2394123.3721 19205960.1802 382563838.7602
295118.4277 5928011.8570 -2402277.3911 19203176.5019 382563954.4918
295121.1536 5898837.7951 -2410353.2984 19200410.1779 382564069.4816
295123.8626 5869778.3736 -2418351.6224 19197661.0659 382564183.7359
